	Hor_ang	90	120	135	150	180
0	0	0.922	1.333	0.976	1.009	0.636
1	2	1.642	2.111	1.949	1.701	1.167
2	4	3.033	3.530	3.541	2.984	2.283
3	6	4.048	4.643	4.877	4.365	3.454
4	8	4.984	5.683	6.040	5.397	4.370
5	10	5.842	6.433	6.718	6.206	5.224
6	12	6.501	7.095	7.338	6.786	5.861
7	14	7.181	7.801	7.871	7.607	6.663
8	16	7.701	8.306	8.382	8.045	7.094
9	18	8.353	8.948	8.875	8.585	7.757
10	20	8.755	9.368	9.368	9.086	8.305
11	22	9.144	9.728	9.719	9.534	8.888
12	24	9.610	9.966	10.006	9.921	9.305
13	26	9.852	10.281	10.324	10.180	9.748
14	28	10.037	10.386	10.539	10.391	9.959
15	30	10.545	10.776	10.835	10.745	10.304
16	32	10.785	11.107	11.075	10.990	10.594
17	34	10.992	11.362	11.351	11.229	10.882
18	36	11.212	11.561	11.464	11.402	11.036
19	38	11.390	11.786	11.781	11.729	11.284
20	40	11.700	11.913	11.931	11.921	11.624
21	42	11.789	12.219	12.162	12.112	11.836
22	44	12.003	12.378	12.387	12.400	12.114
23	46	12.138	12.424	12.517	12.421	12.279
24	48	12.271	12.589	12.696	12.725	12.264
25	50	12.485	12.748	12.926	12.765	12.532
26	52	12.589	12.811	12.920	12.996	12.632
27	54	12.794	13.016	13.079	13.089	12.977
28	56	12.867	13.129	13.185	13.129	13.066
29	58	13.005	13.119	13.342	13.237	13.187
30	60	13.149	13.270	13.362	13.253	13.149
31	62	13.163	13.464	13.483	13.389	13.286
32	64	13.262	13.471	13.419	13.473	13.400
33	66	13.419	13.468	13.523	13.436	13.523
34	68	13.424	13.543	13.608	13.575	13.571
35	70	13.506	13.717	13.684	13.622	13.686
36	72	13.472	13.673	13.785	13.773	13.728
37	74	13.519	13.770	13.676	13.852	13.728
38	76	13.666	13.785	13.789	13.684	13.701
39	78	13.619	13.900	13.821	13.919	13.844
40	80	13.639	13.774	13.793	13.809	13.864
41	82	13.655	13.722	13.872	13.868	13.859
42	84	13.705	13.834	13.929	13.963	13.854
43	86	13.706	13.859	13.875	13.957	13.812
44	88	13.658	13.827	13.911	13.929	13.867
45	90	13.658	13.769	13.839	13.793	13.835
46	92	13.662	13.754	13.790	13.891	13.952
47	94	13.621	13.811	13.840	13.942	13.896
48	96	13.532	13.675	13.680	13.813	13.855
49	98	13.560	13.679	13.694	13.718	13.822
50	100	13.582	13.645	13.681	13.688	13.715
51	102	13.482	13.653	13.674	13.664	13.715
52	104	13.394	13.525	13.575	13.630	13.658
53	106	13.372	13.549	13.508	13.616	13.590
54	108	13.339	13.362	13.359	13.471	13.558
55	110	13.276	13.201	13.267	13.302	13.482
56	112	13.144	13.212	13.231	13.270	13.317
57	114	13.029	13.148	13.139	13.215	13.168
58	116	12.903	12.953	12.970	13.066	13.094
59	118	12.778	12.896	12.908	12.901	13.066
60	120	12.650	12.753	12.745	12.754	12.886
61	122	12.462	12.548	12.577	12.630	12.717
62	124	12.234	12.312	12.422	12.442	12.575
63	126	12.071	12.196	12.192	12.248	12.330
64	128	11.931	12.016	12.015	12.040	12.147
65	130	11.721	11.811	11.843	11.880	11.963
66	132	11.444	11.580	11.662	11.632	11.723
67	134	11.228	11.397	11.398	11.432	11.616
68	136	10.993	11.127	11.215	11.257	11.250
69	138	10.733	10.942	10.924	10.970	10.958
70	140	10.613	10.581	10.688	10.716	10.857
71	142	10.256	10.396	10.500	10.489	10.573
72	144	9.934	10.127	10.256	10.297	10.298
73	146	9.691	9.842	9.939	9.917	10.125
74	148	9.370	9.534	9.660	9.610	9.734
75	150	9.061	9.311	9.428	9.403	9.584
76	152	8.719	8.956	9.046	9.162	9.203
77	154	8.276	8.516	8.758	8.842	8.888
78	156	7.930	8.290	8.450	8.491	8.637
79	158	7.232	7.663	7.844	7.866	8.088
80	160	6.559	6.888	7.169	7.210	7.312
81	162	5.950	6.286	6.568	6.585	6.754
82	164	5.447	5.808	6.061	6.135	6.286
83	166	4.703	5.063	5.271	5.383	5.543
84	168	4.139	4.385	4.598	4.617	4.922
85	170	3.612	3.692	4.030	3.889	4.200
86	172	2.762	2.863	2.884	3.112	3.533
87	174	1.889	2.063	2.056	2.310	2.616
88	176	1.021	1.161	1.113	1.274	1.705
89	178	0.466	0.414	0.464	0.550	0.761
90	180	0.487	0.392	0.450	0.551	0.767
91	178	0.483	0.401	0.441	0.556	0.843
92	176	1.011	1.068	1.001	1.279	1.576
93	174	1.722	1.957	1.974	2.205	2.561
94	172	2.642	2.745	2.907	3.093	3.386
95	170	3.552	3.656	3.882	4.019	4.262
96	168	4.082	4.285	4.548	4.568	4.812
97	166	4.694	5.055	5.254	5.329	5.500
98	164	5.327	5.800	5.981	6.081	6.152
99	162	5.825	6.271	6.505	6.541	6.638
100	160	6.589	6.916	7.135	7.111	7.226
101	158	7.282	7.576	7.813	7.819	8.073
102	156	7.881	8.218	8.375	8.469	8.516
103	154	8.293	8.571	8.676	8.770	8.840
104	152	8.663	8.949	9.038	9.130	9.150
105	150	9.108	9.303	9.405	9.404	9.486
106	148	9.361	9.554	9.627	9.616	9.708
107	146	9.725	9.838	9.963	9.927	10.030
108	144	9.987	10.118	10.235	10.173	10.317
109	142	10.302	10.367	10.436	10.495	10.565
110	140	10.545	10.669	10.724	10.737	10.793
111	138	10.833	10.929	10.978	10.954	10.983
112	136	11.143	11.177	11.213	11.210	11.308
113	134	11.268	11.395	11.419	11.450	11.567
114	132	11.542	11.638	11.648	11.643	11.784
115	130	11.799	11.804	11.849	11.793	11.920
116	128	11.895	11.967	12.009	12.049	12.199
117	126	12.068	12.202	12.165	12.282	12.303
118	124	12.300	12.367	12.431	12.369	12.459
119	122	12.534	12.455	12.543	12.571	12.719
120	120	12.624	12.681	12.686	12.735	12.892
121	118	12.775	12.804	12.869	12.885	13.037
122	116	12.861	12.946	13.058	13.054	13.127
123	114	13.057	13.087	13.155	13.180	13.226
124	112	13.183	13.154	13.227	13.341	13.226
125	110	13.261	13.308	13.384	13.363	13.459
126	108	13.365	13.345	13.476	13.505	13.451
127	106	13.358	13.477	13.513	13.494	13.661
128	104	13.434	13.455	13.576	13.581	13.593
129	102	13.406	13.571	13.671	13.662	13.709
130	100	13.565	13.593	13.747	13.599	13.766
131	98	13.629	13.700	13.754	13.777	13.751
132	96	13.778	13.728	13.813	13.785	13.795
133	94	13.690	13.795	13.855	13.795	13.837
134	92	13.756	13.858	13.866	13.846	13.760
135	90	13.710	13.813	13.945	13.851	13.936
136	88	13.822	13.824	13.864	13.987	13.981
137	86	13.758	13.849	13.830	13.889	13.983
138	84	13.768	13.892	13.935	13.874	13.989
139	82	13.717	13.955	13.971	13.902	13.821
140	80	13.765	13.915	14.010	13.809	13.861
141	78	13.774	13.815	13.974	13.874	13.857
142	76	13.714	13.786	13.835	13.935	13.797
143	74	13.789	13.717	13.837	13.787	13.675
144	72	13.637	13.759	13.791	13.829	13.779
145	70	13.656	13.638	13.669	13.643	13.666
146	68	13.626	13.655	13.584	13.563	13.644
147	66	13.494	13.599	13.586	13.510	13.558
148	64	13.430	13.624	13.527	13.543	13.366
149	62	13.311	13.523	13.466	13.410	13.324
150	60	13.346	13.359	13.336	13.279	13.244
151	58	13.234	13.252	13.235	13.229	13.116
152	56	13.094	13.206	13.290	13.204	13.054
153	54	12.934	13.110	13.180	13.159	12.874
154	52	12.681	13.036	12.881	12.979	12.726
155	50	12.562	12.794	12.890	12.724	12.575
156	48	12.517	12.716	12.735	12.614	12.362
157	46	12.324	12.539	12.577	12.543	12.315
158	44	12.141	12.406	12.465	12.280	12.129
159	42	12.046	12.208	12.179	12.068	11.901
160	40	11.892	12.151	12.024	11.890	11.653
161	38	11.611	11.797	11.745	11.752	11.436
162	36	11.442	11.545	11.583	11.463	11.101
163	34	11.148	11.450	11.361	11.304	10.820
164	32	10.982	11.063	11.104	10.986	10.548
165	30	10.646	10.904	10.814	10.765	10.346
166	28	10.302	10.596	10.558	10.422	9.937
167	26	10.036	10.323	10.329	10.250	9.699
168	24	9.714	10.109	10.038	9.930	9.399
169	22	9.395	9.706	9.733	9.540	8.824
170	20	8.975	9.438	9.342	9.109	8.373
171	18	8.405	8.933	8.842	8.632	7.803
172	16	7.764	8.226	8.281	7.970	7.146
173	14	7.272	7.717	7.903	7.507	6.549
174	12	6.561	7.033	7.221	6.769	5.813
175	10	5.895	6.414	6.715	6.157	5.091
176	8	5.011	5.686	5.925	5.326	4.301
177	6	4.067	4.693	4.806	4.265	3.418
178	4	2.959	3.543	3.512	3.008	2.328
179	2	1.772	2.212	1.889	1.769	1.159
180	0	0.993	1.318	0.904	1.004	0.551
