	Hor_ang	90	100	110	120	130	140	150	160	170	180
0	0	0.031	0.007	0.070	0.036	0.070	0.128	0.076	0.135	0.106	0.063
1	2	0.189	0.121	0.194	0.199	0.219	0.190	0.204	0.167	0.223	0.207
2	4	0.350	0.322	0.349	0.367	0.450	0.436	0.432	0.391	0.431	0.375
3	6	0.589	0.582	0.671	0.784	0.695	0.680	0.713	0.673	0.717	0.667
4	8	0.895	0.965	1.033	1.032	1.009	1.010	1.122	0.986	1.017	1.091
5	10	1.254	1.301	1.314	1.316	1.368	1.376	1.386	1.382	1.345	1.348
6	12	1.546	1.580	1.637	1.624	1.650	1.673	1.708	1.730	1.661	1.638
7	14	1.862	1.921	1.979	2.010	1.986	2.067	2.068	2.016	2.024	1.966
8	16	2.178	2.249	2.259	2.267	2.303	2.367	2.308	2.360	2.301	2.263
9	18	2.585	2.671	2.627	2.675	2.728	2.729	2.720	2.681	2.617	2.641
10	20	2.952	2.957	2.979	3.035	2.980	3.107	3.051	3.060	3.019	2.964
11	22	3.241	3.292	3.300	3.313	3.377	3.383	3.320	3.362	3.342	3.340
12	24	3.654	3.729	3.710	3.750	3.747	3.732	3.743	3.764	3.739	3.696
13	26	3.948	4.092	4.003	4.046	4.094	4.050	4.069	4.056	3.988	3.973
14	28	4.289	4.384	4.376	4.334	4.379	4.310	4.343	4.321	4.383	4.300
15	30	4.663	4.710	4.713	4.787	4.746	4.707	4.792	4.671	4.745	4.639
16	32	4.956	4.973	4.971	5.058	5.007	5.076	5.001	4.989	5.027	4.948
17	34	5.233	5.376	5.274	5.358	5.360	5.376	5.352	5.318	5.345	5.290
18	36	5.458	5.563	5.486	5.527	5.528	5.545	5.546	5.557	5.553	5.539
19	38	5.751	5.784	5.713	5.914	5.722	5.877	5.783	5.907	5.750	5.719
20	40	6.087	6.172	6.087	6.197	6.165	6.248	6.185	6.133	6.171	6.184
21	42	6.366	6.410	6.260	6.344	6.374	6.386	6.422	6.416	6.447	6.418
22	44	6.527	6.764	6.661	6.770	6.693	6.661	6.721	6.664	6.682	6.809
23	46	6.814	6.851	6.801	6.916	6.855	6.804	6.933	6.873	6.876	6.790
24	48	6.973	7.036	6.966	7.014	6.955	7.054	7.118	6.997	7.048	7.045
25	50	7.269	7.330	7.207	7.352	7.306	7.298	7.314	7.391	7.348	7.242
26	52	7.521	7.400	7.408	7.401	7.514	7.505	7.503	7.505	7.529	7.495
27	54	7.656	7.807	7.700	7.718	7.713	7.842	7.814	7.728	7.801	7.650
28	56	7.817	7.931	7.842	7.877	7.864	7.942	7.962	7.947	7.892	7.828
29	58	7.959	8.118	7.990	7.959	8.104	8.056	8.186	8.029	7.993	8.082
30	60	8.133	8.198	8.166	8.268	8.320	8.228	8.116	8.237	8.234	8.167
31	62	8.229	8.462	8.296	8.331	8.309	8.350	8.439	8.344	8.347	8.330
32	64	8.332	8.493	8.432	8.429	8.365	8.477	8.403	8.529	8.546	8.444
33	66	8.427	8.624	8.577	8.704	8.658	8.554	8.723	8.756	8.641	8.618
34	68	8.632	8.737	8.696	8.741	8.761	8.781	8.806	8.742	8.719	8.733
35	70	8.667	8.848	8.720	8.863	8.740	8.839	8.805	8.844	8.737	8.944
36	72	8.777	9.046	8.814	8.943	8.926	8.867	8.943	8.948	8.818	9.018
37	74	8.913	8.980	8.993	9.092	9.009	8.996	8.996	9.027	9.006	9.088
38	76	9.006	9.065	8.945	9.051	9.156	9.022	9.104	9.064	9.163	9.126
39	78	9.021	9.074	9.148	9.214	9.166	9.196	9.242	9.126	9.185	9.184
40	80	9.186	9.216	9.233	9.262	9.207	9.213	9.222	9.118	9.216	9.192
41	82	9.087	9.310	9.166	9.208	9.291	9.230	9.272	9.282	9.255	9.355
42	84	9.125	9.262	9.234	9.225	9.253	9.358	9.215	9.315	9.287	9.165
43	86	9.170	9.303	9.250	9.237	9.349	9.180	9.213	9.250	9.275	9.348
44	88	9.162	9.330	9.281	9.300	9.275	9.234	9.264	9.308	9.356	9.325
45	90	9.203	9.267	9.255	9.364	9.283	9.322	9.418	9.362	9.218	9.366
46	92	9.066	9.302	9.229	9.313	9.190	9.252	9.204	9.270	9.382	9.336
47	94	9.165	9.215	9.224	9.267	9.291	9.356	9.318	9.261	9.229	9.269
48	96	9.110	9.163	9.254	9.259	9.167	9.245	9.202	9.282	9.188	9.288
49	98	9.152	9.280	9.141	9.174	9.111	9.187	9.193	9.337	9.253	9.242
50	100	9.168	9.206	9.157	9.242	9.188	9.165	9.198	9.247	9.187	9.143
51	102	9.071	9.077	9.077	9.071	9.024	9.082	9.081	9.148	9.088	9.086
52	104	8.922	9.015	8.965	8.985	9.130	9.127	9.033	9.060	9.061	9.117
53	106	8.845	8.970	8.839	8.902	8.958	8.940	8.970	8.941	8.988	8.955
54	108	8.722	8.799	8.745	8.918	8.871	8.895	8.912	8.862	8.897	8.890
55	110	8.559	8.685	8.758	8.788	8.732	8.810	8.846	8.789	8.778	8.851
56	112	8.523	8.594	8.623	8.763	8.622	8.683	8.696	8.693	8.646	8.718
57	114	8.374	8.473	8.474	8.534	8.453	8.541	8.507	8.544	8.635	8.537
58	116	8.244	8.411	8.328	8.414	8.392	8.367	8.406	8.379	8.483	8.386
59	118	8.063	8.195	8.150	8.231	8.172	8.272	8.196	8.286	8.309	8.283
60	120	8.004	8.077	8.000	8.072	8.092	8.090	8.072	8.130	8.080	8.188
61	122	7.669	7.838	7.856	7.923	7.864	7.868	7.856	7.936	7.895	7.949
62	124	7.585	7.643	7.545	7.673	7.726	7.739	7.812	7.781	7.787	7.837
63	126	7.383	7.432	7.375	7.485	7.452	7.473	7.542	7.496	7.557	7.610
64	128	7.196	7.159	7.182	7.265	7.254	7.325	7.330	7.313	7.367	7.346
65	130	7.005	7.004	6.910	7.072	7.058	7.085	7.110	7.134	7.144	7.211
66	132	6.606	6.751	6.694	6.745	6.714	6.842	6.821	6.863	6.919	6.892
67	134	6.356	6.483	6.417	6.476	6.560	6.515	6.581	6.593	6.707	6.674
68	136	6.029	6.242	6.199	6.293	6.283	6.320	6.441	6.398	6.393	6.412
69	138	5.831	5.938	5.875	5.971	6.019	6.023	6.030	6.124	6.169	6.153
70	140	5.655	5.608	5.638	5.671	5.707	5.788	5.823	5.873	5.886	5.906
71	142	5.299	5.296	5.353	5.361	5.380	5.439	5.514	5.637	5.671	5.579
72	144	4.992	5.075	5.050	5.114	5.125	5.226	5.268	5.338	5.317	5.334
73	146	4.626	4.776	4.717	4.852	4.887	4.911	4.964	4.989	5.063	4.967
74	148	4.370	4.435	4.413	4.490	4.566	4.576	4.597	4.668	4.709	4.719
75	150	4.089	4.168	4.153	4.256	4.259	4.299	4.374	4.423	4.438	4.467
76	152	3.797	3.781	3.805	3.848	3.879	4.034	4.041	4.064	4.120	4.119
77	154	3.305	3.389	3.413	3.428	3.521	3.566	3.624	3.771	3.793	3.801
78	156	3.130	3.085	3.056	3.193	3.221	3.374	3.370	3.405	3.553	3.497
79	158	2.725	2.778	2.812	2.820	2.924	2.953	3.043	3.083	3.185	3.089
80	160	2.376	2.458	2.434	2.498	2.515	2.651	2.697	2.748	2.813	2.799
81	162	2.023	2.072	2.141	2.185	2.178	2.262	2.290	2.391	2.458	2.498
82	164	1.801	1.806	1.830	1.843	1.880	1.986	2.006	2.068	2.201	2.186
83	166	1.403	1.431	1.405	1.443	1.546	1.589	1.639	1.678	1.780	1.795
84	168	1.092	1.138	1.154	1.165	1.189	1.288	1.346	1.414	1.437	1.436
85	170	0.851	0.859	0.858	0.803	0.973	0.918	0.979	1.102	1.133	1.243
86	172	0.484	0.491	0.502	0.537	0.574	0.642	0.715	0.793	0.774	0.789
87	174	0.250	0.324	0.331	0.334	0.357	0.391	0.447	0.507	0.508	0.587
88	176	0.110	0.065	0.136	0.151	0.182	0.236	0.266	0.199	0.286	0.329
89	178	-0.022	0.000	-0.012	0.017	0.030	0.074	0.105	0.104	0.079	0.128
90	180	0.041	0.035	0.022	-0.004	0.025	0.117	0.082	0.089	0.091	0.110
91	178	0.017	0.012	0.010	0.052	0.051	0.112	0.137	0.080	0.165	0.154
92	176	0.097	0.047	0.086	0.121	0.150	0.226	0.186	0.284	0.293	0.289
93	174	0.255	0.311	0.252	0.322	0.335	0.414	0.412	0.450	0.501	0.518
94	172	0.463	0.463	0.529	0.575	0.571	0.645	0.661	0.722	0.753	0.855
95	170	0.774	0.850	0.792	0.830	0.858	0.869	0.996	1.099	1.160	1.181
96	168	1.015	1.101	1.073	1.114	1.153	1.212	1.325	1.322	1.434	1.477
97	166	1.380	1.406	1.438	1.544	1.545	1.553	1.661	1.683	1.795	1.779
98	164	1.739	1.782	1.783	1.863	1.888	1.986	1.981	2.102	2.156	2.181
99	162	2.014	2.130	2.068	2.153	2.176	2.222	2.274	2.295	2.418	2.430
100	160	2.388	2.420	2.453	2.486	2.551	2.594	2.641	2.767	2.809	2.787
101	158	2.705	2.734	2.755	2.836	2.852	2.902	2.933	3.064	3.140	3.168
102	156	3.098	3.108	3.112	3.149	3.114	3.258	3.330	3.389	3.462	3.506
103	154	3.343	3.382	3.466	3.475	3.542	3.648	3.621	3.652	3.799	3.828
104	152	3.741	3.766	3.792	3.866	3.917	3.931	4.045	4.073	4.096	4.126
105	150	4.122	4.134	4.067	4.224	4.252	4.247	4.341	4.375	4.425	4.447
106	148	4.367	4.402	4.323	4.494	4.447	4.542	4.614	4.674	4.679	4.720
107	146	4.695	4.774	4.776	4.792	4.815	4.863	4.984	5.012	4.943	5.080
108	144	4.959	5.034	5.057	5.073	5.082	5.146	5.224	5.284	5.284	5.250
109	142	5.257	5.347	5.326	5.396	5.398	5.477	5.549	5.562	5.564	5.589
110	140	5.563	5.627	5.566	5.642	5.697	5.735	5.769	5.823	5.864	5.883
111	138	5.966	5.890	5.882	5.958	6.025	6.025	6.104	6.132	6.200	6.089
112	136	6.137	6.215	6.165	6.330	6.253	6.383	6.397	6.326	6.388	6.425
113	134	6.406	6.488	6.491	6.519	6.599	6.619	6.628	6.675	6.608	6.615
114	132	6.596	6.724	6.720	6.769	6.771	6.754	6.864	6.860	6.867	6.874
115	130	6.927	6.984	6.958	7.045	7.048	7.094	7.081	7.202	7.168	7.164
116	128	7.148	7.166	7.151	7.207	7.247	7.290	7.328	7.292	7.343	7.320
117	126	7.412	7.472	7.449	7.473	7.551	7.441	7.526	7.434	7.595	7.571
118	124	7.535	7.529	7.530	7.640	7.687	7.694	7.633	7.748	7.746	7.685
119	122	7.761	7.780	7.805	7.811	7.852	7.812	7.877	7.903	7.945	7.881
120	120	8.001	7.943	7.978	8.056	8.056	8.128	8.066	8.202	8.118	8.143
121	118	8.159	8.202	8.200	8.204	8.228	8.335	8.229	8.262	8.246	8.349
122	116	8.302	8.284	8.208	8.264	8.361	8.395	8.333	8.384	8.474	8.387
123	114	8.422	8.476	8.473	8.476	8.456	8.528	8.603	8.541	8.473	8.544
124	112	8.430	8.668	8.704	8.559	8.669	8.632	8.573	8.632	8.637	8.618
125	110	8.654	8.751	8.747	8.744	8.692	8.803	8.857	8.734	8.819	8.862
126	108	8.811	8.856	8.717	8.841	8.820	8.865	8.852	8.841	8.926	8.899
127	106	8.803	8.919	8.795	8.921	8.959	8.998	8.964	9.009	9.038	8.954
128	104	8.875	9.052	8.969	9.105	9.008	9.097	9.061	9.087	9.125	9.031
129	102	8.993	9.062	9.007	9.063	9.031	9.108	9.076	9.098	9.118	9.122
130	100	8.949	9.076	9.030	9.108	9.115	9.207	9.205	9.145	9.176	9.093
131	98	8.984	9.164	9.232	9.156	9.303	9.203	9.224	9.210	9.268	9.253
132	96	9.003	9.153	9.120	9.218	9.231	9.201	9.258	9.205	9.304	9.348
133	94	9.113	9.266	9.353	9.256	9.229	9.347	9.348	9.316	9.296	9.300
134	92	9.181	9.319	9.219	9.322	9.318	9.243	9.248	9.370	9.300	9.272
135	90	9.209	9.332	9.231	9.304	9.305	9.352	9.357	9.359	9.308	9.368
136	88	9.133	9.312	9.304	9.322	9.359	9.346	9.337	9.375	9.349	9.290
137	86	9.200	9.295	9.218	9.232	9.363	9.226	9.340	9.362	9.361	9.221
138	84	9.097	9.360	9.351	9.269	9.263	9.331	9.260	9.242	9.333	9.366
139	82	9.114	9.268	9.373	9.297	9.241	9.195	9.251	9.110	9.304	9.278
140	80	9.120	9.265	9.189	9.212	9.145	9.197	9.232	9.170	9.254	9.212
141	78	9.035	9.190	9.168	9.168	9.249	9.082	9.174	9.045	9.188	9.140
142	76	8.998	9.215	9.078	9.055	9.125	9.145	9.067	9.042	9.204	8.982
143	74	8.897	9.056	9.105	9.018	9.070	9.050	9.031	9.058	8.935	9.077
144	72	8.809	8.917	8.899	9.065	8.972	8.961	9.037	8.851	9.055	8.895
145	70	8.731	8.880	8.870	8.871	8.836	8.880	8.958	8.821	8.919	8.832
146	68	8.659	8.734	8.730	8.827	8.759	8.728	8.790	8.778	8.760	8.737
147	66	8.560	8.615	8.670	8.689	8.702	8.699	8.717	8.666	8.639	8.700
148	64	8.432	8.559	8.564	8.564	8.508	8.506	8.600	8.533	8.578	8.453
149	62	8.350	8.400	8.321	8.473	8.420	8.476	8.399	8.384	8.451	8.304
150	60	8.081	8.312	8.300	8.359	8.268	8.298	8.182	8.187	8.349	8.181
151	58	7.979	8.114	8.081	8.102	8.093	8.098	8.025	8.094	8.116	8.013
152	56	7.814	7.972	8.047	7.878	8.066	8.042	8.058	7.918	7.966	7.919
153	54	7.741	7.772	7.819	7.768	7.777	7.836	7.800	7.782	7.750	7.758
154	52	7.482	7.505	7.594	7.586	7.570	7.599	7.672	7.481	7.529	7.521
155	50	7.172	7.376	7.257	7.367	7.258	7.429	7.341	7.324	7.249	7.354
156	48	7.030	7.135	7.048	7.141	7.099	7.185	7.130	7.166	7.151	7.042
157	46	6.802	6.947	6.870	7.013	6.933	6.896	6.991	6.909	6.928	6.870
158	44	6.637	6.742	6.729	6.737	6.722	6.749	6.747	6.742	6.701	6.732
159	42	6.463	6.468	6.589	6.441	6.497	6.498	6.600	6.441	6.540	6.511
160	40	6.198	6.245	6.248	6.167	6.214	6.290	6.257	6.208	6.213	6.284
161	38	5.849	5.862	5.894	5.929	5.946	5.886	5.895	5.964	5.928	5.919
162	36	5.583	5.623	5.635	5.582	5.589	5.702	5.572	5.596	5.532	5.570
163	34	5.352	5.361	5.362	5.371	5.365	5.382	5.374	5.293	5.328	5.311
164	32	4.957	4.973	5.075	5.066	5.024	5.045	5.103	5.038	5.036	5.031
165	30	4.722	4.785	4.735	4.754	4.737	4.782	4.778	4.693	4.761	4.733
166	28	4.279	4.321	4.399	4.395	4.357	4.473	4.386	4.347	4.323	4.353
167	26	3.996	4.089	4.088	4.080	4.207	4.091	4.047	4.096	4.089	4.177
168	24	3.697	3.765	3.726	3.701	3.854	3.877	3.689	3.782	3.766	3.784
169	22	3.250	3.222	3.316	3.330	3.374	3.366	3.381	3.303	3.333	3.264
170	20	2.946	2.994	3.003	3.028	2.986	3.089	3.030	3.000	3.037	3.009
171	18	2.649	2.687	2.646	2.753	2.699	2.802	2.713	2.716	2.766	2.673
172	16	2.191	2.239	2.231	2.312	2.282	2.247	2.308	2.248	2.264	2.266
173	14	1.955	1.972	1.970	2.041	1.990	2.063	2.053	2.025	2.032	1.979
174	12	1.538	1.627	1.603	1.635	1.654	1.681	1.699	1.629	1.638	1.634
175	10	1.237	1.230	1.404	1.335	1.381	1.326	1.421	1.377	1.360	1.336
176	8	0.918	0.904	0.981	0.999	1.015	1.030	1.088	0.983	1.029	1.038
177	6	0.588	0.621	0.629	0.728	0.670	0.657	0.691	0.742	0.682	0.643
178	4	0.306	0.335	0.393	0.320	0.408	0.471	0.433	0.469	0.500	0.438
179	2	0.152	0.167	0.182	0.164	0.179	0.260	0.217	0.202	0.231	0.176
180	0	0.020	0.039	0.027	0.042	0.061	-0.002	0.088	0.074	0.105	0.084
