Date      - 2021-09-30T12:35:04
Vref      = 3.319 V
Us(+5V)   = 4.913 V
Temp_SiPM = 21.475 C
Temp_CPU  = 33.833 C
U_LED_on  = 2.85 V, (402nm)
+U_SiPM   = 3.289 V
-U_SiPM   = -23.712 V
U_SiPM    = 27.002 V
I_SiPM    = 0.632 uA
No t[s] T[C] U+_SiPM[V] U-_SiPM[V] Vert.angl[grad]. Hor.angl[grad] I_SiPM[uA] I0_SiPM[uA] 
1 13.599 21.506 3.289 -23.715 90 0 0.622 0.596
2 15.604 21.4 3.289 -23.713 90 2 0.651 0.593
3 17.611 21.52 3.289 -23.711 90 4 0.639 0.581
4 19.612 21.513 3.288 -23.716 90 6 0.645 0.598
5 21.622 21.45 3.289 -23.72 90 8 0.632 0.609
6 23.624 21.384 3.289 -23.715 90 10 0.656 0.598
7 25.629 21.495 3.289 -23.72 90 12 0.615 0.588
8 27.638 21.364 3.289 -23.718 90 14 0.66 0.587
9 29.64 21.435 3.289 -23.719 90 16 0.668 0.63
10 31.644 21.604 3.289 -23.712 90 18 0.736 0.574
11 33.651 21.532 3.289 -23.717 90 20 0.748 0.616
12 35.656 21.469 3.289 -23.716 90 22 0.832 0.554
13 37.663 21.49 3.289 -23.714 90 24 0.864 0.592
14 39.669 21.479 3.289 -23.718 90 26 0.968 0.64
15 41.672 21.506 3.289 -23.716 90 28 0.987 0.591
16 43.676 21.587 3.289 -23.712 90 30 1.5 0.568
17 45.683 21.412 3.289 -23.714 90 32 1.91 0.629
18 47.687 21.484 3.289 -23.715 90 34 2.514 0.64
19 49.693 21.546 3.289 -23.71 90 36 3.063 0.57
20 51.697 21.558 3.289 -23.714 90 38 3.657 0.586
21 53.702 21.432 3.289 -23.713 90 40 5.016 0.53
22 55.708 21.51 3.289 -23.716 90 42 6.033 0.645
23 57.712 21.416 3.289 -23.717 90 44 7.152 0.61
24 59.717 21.441 3.288 -23.719 90 46 8.085 0.617
25 61.719 21.487 3.288 -23.718 90 48 9.027 0.61
26 63.726 21.564 3.289 -23.72 90 50 10.184 0.643
27 65.731 21.464 3.289 -23.715 90 52 11.11 0.612
28 67.736 21.487 3.289 -23.718 90 54 12.161 0.585
29 69.738 21.514 3.288 -23.714 90 56 12.956 0.625
30 71.745 21.543 3.289 -23.715 90 58 13.463 0.58
31 73.748 21.529 3.289 -23.718 90 60 13.641 0.614
32 75.752 21.441 3.289 -23.717 90 62 13.783 0.59
33 77.756 21.485 3.288 -23.713 90 64 13.904 0.619
34 79.761 21.508 3.288 -23.713 90 66 13.983 0.551
35 81.766 21.493 3.288 -23.716 90 68 14.026 0.64
36 83.772 21.437 3.289 -23.714 90 70 14.013 0.597
37 85.777 21.476 3.289 -23.716 90 72 14.147 0.636
38 87.778 21.488 3.289 -23.718 90 74 14.201 0.556
39 89.783 21.451 3.288 -23.714 90 76 14.208 0.564
40 91.788 21.491 3.289 -23.712 90 78 14.216 0.644
41 93.793 21.504 3.288 -23.714 90 80 14.285 0.583
42 95.797 21.495 3.288 -23.716 90 82 14.315 0.655
43 97.8 21.409 3.289 -23.713 90 84 14.303 0.634
44 99.807 21.48 3.289 -23.72 90 86 14.31 0.592
45 101.809 21.499 3.289 -23.713 90 88 14.283 0.626
46 103.813 21.469 3.289 -23.717 90 90 14.26 0.621
47 105.818 21.528 3.289 -23.713 90 92 14.254 0.565
48 107.821 21.562 3.289 -23.715 90 94 14.262 0.625
49 109.826 21.439 3.288 -23.717 90 96 14.243 0.628
50 111.829 21.541 3.288 -23.716 90 98 14.223 0.616
51 113.835 21.448 3.289 -23.712 90 100 14.174 0.661
52 115.84 21.461 3.289 -23.713 90 102 14.046 0.642
53 117.842 21.483 3.288 -23.721 90 104 14.008 0.566
54 119.846 21.509 3.288 -23.713 90 106 13.912 0.579
55 121.852 21.474 3.289 -23.717 90 108 13.857 0.63
56 123.855 21.487 3.289 -23.719 90 110 13.777 0.601
57 125.856 21.571 3.288 -23.717 90 112 13.653 0.612
58 127.862 21.474 3.288 -23.716 90 114 13.5 0.531
59 129.866 21.498 3.289 -23.719 90 116 13.451 0.567
60 131.87 21.466 3.289 -23.714 90 118 13.24 0.61
61 133.871 21.464 3.289 -23.717 90 120 13.038 0.646
62 135.877 21.469 3.289 -23.717 90 122 12.763 0.616
63 137.879 21.497 3.288 -23.718 90 124 12.284 0.616
64 139.885 21.459 3.289 -23.711 90 126 11.43 0.597
65 141.887 21.51 3.289 -23.714 90 128 10.342 0.597
66 143.89 21.441 3.288 -23.716 90 130 9.571 0.608
67 145.895 21.474 3.288 -23.714 90 132 8.162 0.628
68 147.9 21.592 3.289 -23.716 90 134 7.106 0.639
69 149.901 21.491 3.289 -23.717 90 136 5.963 0.602
70 151.905 21.481 3.289 -23.715 90 138 4.793 0.595
71 153.907 21.564 3.289 -23.716 90 140 3.714 0.569
72 155.912 21.471 3.289 -23.714 90 142 2.792 0.604
73 157.915 21.431 3.289 -23.718 90 144 2.102 0.589
74 159.919 21.432 3.289 -23.716 90 146 1.295 0.604
75 161.922 21.458 3.289 -23.716 90 148 0.947 0.59
76 163.927 21.494 3.289 -23.719 90 150 0.872 0.528
77 165.929 21.458 3.288 -23.723 90 152 0.831 0.597
78 167.932 21.46 3.289 -23.721 90 154 0.796 0.636
79 169.935 21.516 3.289 -23.718 90 156 0.797 0.575
80 171.939 21.517 3.289 -23.719 90 158 0.713 0.606
81 173.943 21.412 3.289 -23.72 90 160 0.683 0.628
82 175.948 21.523 3.289 -23.72 90 162 0.702 0.596
83 177.949 21.456 3.289 -23.72 90 164 0.676 0.586
84 179.952 21.61 3.289 -23.717 90 166 0.66 0.61
85 181.954 21.465 3.289 -23.717 90 168 0.662 0.618
86 183.958 21.51 3.289 -23.719 90 170 0.646 0.598
87 185.96 21.448 3.289 -23.716 90 172 0.63 0.603
88 187.964 21.551 3.289 -23.72 90 174 0.599 0.592
89 189.966 21.507 3.289 -23.721 90 176 0.562 0.594
90 191.971 21.43 3.289 -23.715 90 178 0.607 0.618
91 193.972 21.599 3.289 -23.723 90 180 0.619 0.61
92 195.975 21.504 3.289 -23.716 90 178 0.613 0.588
93 197.979 21.441 3.289 -23.715 90 176 0.539 0.564
94 199.982 21.454 3.289 -23.715 90 174 0.611 0.577
95 201.984 21.598 3.289 -23.72 90 172 0.642 0.626
96 203.986 21.51 3.289 -23.719 90 170 0.666 0.617
97 205.989 21.476 3.289 -23.718 90 168 0.657 0.578
98 207.993 21.508 3.289 -23.715 90 166 0.644 0.595
99 209.995 21.52 3.289 -23.719 90 164 0.663 0.601
100 211.997 21.454 3.289 -23.716 90 162 0.702 0.595
101 214 21.471 3.289 -23.718 90 160 0.69 0.593
102 216.002 21.508 3.289 -23.719 90 158 0.74 0.599
103 218.005 21.446 3.289 -23.717 90 156 0.787 0.592
104 220.008 21.491 3.289 -23.717 90 154 0.711 0.598
105 222.009 21.456 3.288 -23.723 90 152 0.822 0.583
106 224.015 21.527 3.289 -23.721 90 150 0.883 0.599
107 226.015 21.508 3.289 -23.72 90 148 0.909 0.604
108 228.017 21.37 3.289 -23.719 90 146 1.32 0.603
109 230.02 21.411 3.289 -23.719 90 144 2.01 0.598
110 232.022 21.427 3.289 -23.718 90 142 2.858 0.629
111 234.025 21.461 3.289 -23.723 90 140 3.631 0.593
112 236.026 21.491 3.289 -23.722 90 138 4.755 0.607
113 238.029 21.481 3.288 -23.716 90 136 5.933 0.61
114 240.031 21.45 3.289 -23.717 90 134 7.097 0.637
115 242.035 21.449 3.289 -23.717 90 132 8.158 0.62
116 244.037 21.531 3.289 -23.718 90 130 9.503 0.561
117 246.039 21.531 3.289 -23.717 90 128 10.368 0.587
118 248.04 21.486 3.288 -23.714 90 126 11.467 0.595
119 250.042 21.5 3.288 -23.716 90 124 12.161 0.634
120 252.044 21.395 3.288 -23.716 90 122 12.687 0.622
121 254.047 21.452 3.289 -23.717 90 120 12.959 0.643
122 256.048 21.508 3.288 -23.717 90 118 13.211 0.6
123 258.05 21.47 3.289 -23.719 90 116 13.34 0.643
124 260.052 21.409 3.289 -23.717 90 114 13.468 0.601
125 262.054 21.525 3.289 -23.711 90 112 13.594 0.609
126 264.057 21.527 3.288 -23.714 90 110 13.811 0.553
127 266.06 21.464 3.288 -23.718 90 108 13.88 0.572
128 268.061 21.482 3.288 -23.712 90 106 13.965 0.654
129 270.063 21.451 3.288 -23.717 90 104 14.04 0.585
130 272.064 21.468 3.289 -23.717 90 102 14.106 0.625
131 274.065 21.498 3.289 -23.716 90 100 14.204 0.591
132 276.067 21.513 3.289 -23.716 90 98 14.198 0.615
133 278.07 21.41 3.289 -23.713 90 96 14.248 0.539
134 280.071 21.451 3.289 -23.72 90 94 14.281 0.589
135 282.073 21.371 3.289 -23.718 90 92 14.269 0.63
136 284.075 21.516 3.289 -23.714 90 90 14.274 0.619
137 286.075 21.437 3.288 -23.721 90 88 14.382 0.574
138 288.077 21.483 3.289 -23.72 90 86 14.356 0.648
139 290.079 21.424 3.289 -23.713 90 84 14.288 0.585
140 292.08 21.424 3.288 -23.71 90 82 14.319 0.522
141 294.084 21.47 3.288 -23.716 90 80 14.23 0.637
142 296.084 21.451 3.288 -23.716 90 78 14.327 0.643
143 298.084 21.489 3.288 -23.716 90 76 14.259 0.611
144 300.086 21.546 3.289 -23.714 90 74 14.087 0.629
145 302.088 21.546 3.288 -23.718 90 72 14.116 0.604
146 304.089 21.463 3.288 -23.716 90 70 14.116 0.538
147 306.09 21.575 3.289 -23.718 90 68 14.028 0.611
148 308.091 21.508 3.288 -23.717 90 66 14.021 0.627
149 310.093 21.474 3.288 -23.714 90 64 13.892 0.59
150 312.094 21.529 3.289 -23.716 90 62 13.855 0.637
151 314.095 21.446 3.289 -23.721 90 60 13.705 0.598
152 316.097 21.513 3.288 -23.721 90 58 13.588 0.594
153 318.098 21.511 3.288 -23.717 90 56 13.088 0.598
154 320.099 21.522 3.288 -23.715 90 54 12.442 0.634
155 322.1 21.464 3.289 -23.718 90 52 11.501 0.642
156 324.101 21.347 3.288 -23.717 90 50 10.342 0.614
157 326.102 21.487 3.289 -23.72 90 48 9.271 0.644
158 328.104 21.483 3.289 -23.718 90 46 8.189 0.597
159 330.104 21.546 3.289 -23.719 90 44 7.274 0.594
160 332.105 21.512 3.288 -23.719 90 42 6.316 0.549
161 334.107 21.524 3.289 -23.719 90 40 5.227 0.574
162 336.107 21.568 3.289 -23.718 90 38 4.041 0.563
163 338.108 21.487 3.289 -23.721 90 36 3.214 0.605
164 340.11 21.525 3.289 -23.724 90 34 2.584 0.604
165 342.11 21.473 3.289 -23.723 90 32 2 0.612
166 344.111 21.488 3.289 -23.721 90 30 1.518 0.611
167 346.111 21.495 3.289 -23.723 90 28 1.088 0.593
168 348.112 21.461 3.289 -23.718 90 26 0.983 0.593
169 350.113 21.48 3.288 -23.721 90 24 0.855 0.621
170 352.113 21.515 3.289 -23.716 90 22 0.797 0.603
171 354.114 21.529 3.289 -23.714 90 20 0.787 0.59
172 356.115 21.462 3.289 -23.716 90 18 0.752 0.615
173 358.115 21.503 3.289 -23.718 90 16 0.717 0.64
174 360.116 21.487 3.289 -23.72 90 14 0.738 0.608
175 362.117 21.431 3.289 -23.726 90 12 0.647 0.523
176 364.117 21.421 3.289 -23.718 90 10 0.664 0.603
177 366.118 21.445 3.289 -23.719 90 8 0.659 0.597
178 368.118 21.466 3.289 -23.721 90 6 0.621 0.579
179 370.118 21.458 3.288 -23.719 90 4 0.639 0.622
180 372.119 21.403 3.288 -23.715 90 2 0.594 0.614
181 374.119 21.403 3.289 -23.721 90 0 0.646 0.562
182 389.187 21.447 3.289 -23.721 120 0 0.657 0.629
183 391.19 21.51 3.289 -23.719 120 2 0.636 0.602
184 393.198 21.489 3.289 -23.719 120 4 0.614 0.595
185 395.202 21.519 3.289 -23.718 120 6 0.638 0.598
186 397.209 21.418 3.289 -23.72 120 8 0.678 0.606
187 399.215 21.482 3.289 -23.721 120 10 0.667 0.587
188 401.219 21.444 3.289 -23.718 120 12 0.723 0.613
189 403.225 21.445 3.289 -23.717 120 14 0.749 0.637
190 405.23 21.429 3.289 -23.723 120 16 0.72 0.602
191 407.232 21.441 3.289 -23.718 120 18 0.844 0.583
192 409.241 21.508 3.289 -23.721 120 20 0.919 0.615
193 411.244 21.593 3.289 -23.719 120 22 1.015 0.571
194 413.249 21.569 3.288 -23.718 120 24 1.095 0.589
195 415.256 21.503 3.289 -23.718 120 26 1.252 0.596
196 417.261 21.517 3.289 -23.717 120 28 1.4 0.613
197 419.263 21.583 3.289 -23.718 120 30 1.747 0.598
198 421.267 21.553 3.289 -23.72 120 32 2.071 0.612
199 423.273 21.507 3.289 -23.724 120 34 2.513 0.58
200 425.282 21.468 3.289 -23.719 120 36 3.005 0.631
201 427.282 21.486 3.289 -23.717 120 38 3.634 0.629
202 429.289 21.508 3.289 -23.719 120 40 4.698 0.635
203 431.293 21.564 3.289 -23.719 120 42 5.552 0.674
204 433.298 21.495 3.289 -23.718 120 44 6.782 0.623
205 435.304 21.391 3.289 -23.718 120 46 7.872 0.652
206 437.307 21.491 3.289 -23.722 120 48 8.861 0.619
207 439.311 21.527 3.288 -23.718 120 50 10.078 0.554
208 441.317 21.424 3.289 -23.716 120 52 10.939 0.55
209 443.324 21.437 3.288 -23.718 120 54 12.28 0.569
210 445.327 21.467 3.289 -23.712 120 56 12.868 0.592
211 447.33 21.483 3.289 -23.715 120 58 13.261 0.554
212 449.334 21.521 3.289 -23.717 120 60 13.468 0.596
213 451.339 21.496 3.288 -23.721 120 62 13.604 0.607
214 453.344 21.458 3.289 -23.715 120 64 13.716 0.596
215 455.349 21.442 3.288 -23.72 120 66 13.885 0.571
216 457.354 21.502 3.289 -23.717 120 68 13.86 0.628
217 459.36 21.511 3.289 -23.721 120 70 14.067 0.658
218 461.361 21.582 3.289 -23.72 120 72 14.096 0.566
219 463.367 21.386 3.289 -23.716 120 74 14.142 0.528
220 465.372 21.534 3.288 -23.717 120 76 14.229 0.652
221 467.377 21.528 3.288 -23.72 120 78 14.263 0.543
222 469.381 21.473 3.288 -23.715 120 80 14.346 0.552
223 471.384 21.606 3.289 -23.718 120 82 14.346 0.614
224 473.387 21.509 3.289 -23.717 120 84 14.386 0.632
225 475.392 21.459 3.288 -23.717 120 86 14.354 0.607
226 477.397 21.547 3.288 -23.717 120 88 14.356 0.601
227 479.401 21.459 3.289 -23.717 120 90 14.295 0.626
228 481.403 21.468 3.288 -23.712 120 92 14.271 0.547
229 483.41 21.455 3.288 -23.721 120 94 14.351 0.627
230 485.413 21.462 3.288 -23.715 120 96 14.319 0.514
231 487.416 21.472 3.289 -23.718 120 98 14.185 0.614
232 489.42 21.586 3.288 -23.72 120 100 14.223 0.631
233 491.426 21.484 3.289 -23.715 120 102 14.167 0.62
234 493.431 21.499 3.288 -23.716 120 104 14.132 0.613
235 495.433 21.444 3.289 -23.719 120 106 14.07 0.651
236 497.437 21.58 3.288 -23.718 120 108 13.955 0.608
237 499.442 21.495 3.288 -23.721 120 110 13.937 0.603
238 501.444 21.464 3.288 -23.719 120 112 13.781 0.516
239 503.447 21.481 3.289 -23.717 120 114 13.71 0.63
240 505.453 21.432 3.289 -23.72 120 116 13.569 0.65
241 507.454 21.509 3.289 -23.714 120 118 13.335 0.596
242 509.46 21.513 3.288 -23.716 120 120 13.21 0.601
243 511.462 21.447 3.288 -23.721 120 122 12.947 0.618
244 513.468 21.562 3.288 -23.72 120 124 12.45 0.629
245 515.47 21.473 3.289 -23.718 120 126 11.796 0.607
246 517.472 21.515 3.289 -23.719 120 128 10.827 0.622
247 519.478 21.459 3.288 -23.713 120 130 9.878 0.596
248 521.483 21.474 3.289 -23.716 120 132 8.347 0.629
249 523.483 21.555 3.289 -23.718 120 134 7.116 0.559
250 525.487 21.446 3.289 -23.723 120 136 5.944 0.624
251 527.492 21.462 3.288 -23.719 120 138 4.725 0.651
252 529.497 21.388 3.289 -23.718 120 140 3.771 0.644
253 531.5 21.458 3.289 -23.721 120 142 3.038 0.619
254 533.501 21.478 3.289 -23.716 120 144 2.477 0.613
255 535.504 21.587 3.289 -23.718 120 146 2.016 0.561
256 537.508 21.416 3.289 -23.719 120 148 1.555 0.607
257 539.513 21.429 3.289 -23.722 120 150 1.38 0.602
258 541.518 21.491 3.289 -23.719 120 152 1.143 0.606
259 543.519 21.494 3.288 -23.718 120 154 1.031 0.611
260 545.522 21.544 3.289 -23.716 120 156 0.946 0.614
261 547.526 21.525 3.289 -23.715 120 158 0.882 0.59
262 549.527 21.503 3.289 -23.723 120 160 0.804 0.586
263 551.53 21.447 3.289 -23.723 120 162 0.769 0.582
264 553.533 21.489 3.289 -23.723 120 164 0.762 0.591
265 555.54 21.474 3.289 -23.722 120 166 0.697 0.629
266 557.541 21.548 3.289 -23.718 120 168 0.609 0.629
267 559.544 21.529 3.289 -23.727 120 170 0.64 0.611
268 561.545 21.472 3.289 -23.716 120 172 0.649 0.621
269 563.55 21.482 3.288 -23.716 120 174 0.609 0.568
270 565.553 21.566 3.289 -23.721 120 176 0.677 0.602
271 567.556 21.455 3.289 -23.717 120 178 0.626 0.6
272 569.557 21.526 3.289 -23.718 120 180 0.619 0.585
273 571.563 21.462 3.289 -23.72 120 178 0.649 0.59
274 573.563 21.484 3.289 -23.716 120 176 0.606 0.605
275 575.566 21.547 3.289 -23.718 120 174 0.667 0.631
276 577.57 21.491 3.289 -23.717 120 172 0.651 0.624
277 579.573 21.544 3.289 -23.718 120 170 0.637 0.616
278 581.574 21.538 3.289 -23.718 120 168 0.673 0.6
279 583.578 21.424 3.289 -23.717 120 166 0.69 0.614
280 585.581 21.445 3.289 -23.724 120 164 0.722 0.598
281 587.585 21.51 3.289 -23.718 120 162 0.741 0.601
282 589.585 21.557 3.289 -23.721 120 160 0.816 0.593
283 591.589 21.52 3.289 -23.718 120 158 0.809 0.618
284 593.591 21.547 3.289 -23.715 120 156 0.963 0.618
285 595.593 21.366 3.289 -23.722 120 154 1.035 0.597
286 597.594 21.491 3.289 -23.719 120 152 1.186 0.583
287 599.599 21.547 3.289 -23.716 120 150 1.389 0.619
288 601.6 21.55 3.289 -23.721 120 148 1.584 0.606
289 603.604 21.445 3.289 -23.717 120 146 2.037 0.59
290 605.607 21.493 3.288 -23.714 120 144 2.434 0.593
291 607.608 21.52 3.289 -23.721 120 142 3.024 0.6
292 609.611 21.483 3.289 -23.722 120 140 3.749 0.607
293 611.612 21.471 3.289 -23.724 120 138 4.736 0.608
294 613.614 21.474 3.289 -23.723 120 136 5.915 0.6
295 615.617 21.47 3.289 -23.719 120 134 7.168 0.601
296 617.618 21.484 3.289 -23.718 120 132 8.354 0.586
297 619.62 21.537 3.288 -23.723 120 130 9.799 0.601
298 621.623 21.452 3.289 -23.715 120 128 10.724 0.617
299 623.625 21.487 3.288 -23.72 120 126 11.777 0.648
300 625.627 21.541 3.289 -23.721 120 124 12.446 0.608
301 627.63 21.552 3.288 -23.718 120 122 12.873 0.565
302 629.631 21.362 3.289 -23.719 120 120 13.183 0.603
303 631.634 21.403 3.288 -23.721 120 118 13.374 0.627
304 633.635 21.561 3.288 -23.72 120 116 13.567 0.624
305 635.637 21.48 3.288 -23.716 120 114 13.683 0.606
306 637.639 21.465 3.289 -23.722 120 112 13.758 0.626
307 639.641 21.462 3.289 -23.723 120 110 13.99 0.635
308 641.643 21.596 3.289 -23.72 120 108 14.047 0.603
309 643.645 21.569 3.288 -23.717 120 106 14.12 0.609
310 645.646 21.52 3.288 -23.716 120 104 14.169 0.536
311 647.649 21.527 3.289 -23.718 120 102 14.194 0.582
312 649.651 21.416 3.288 -23.714 120 100 14.262 0.56
313 651.653 21.551 3.288 -23.719 120 98 14.277 0.606
314 653.653 21.549 3.289 -23.717 120 96 14.301 0.561
315 655.655 21.585 3.289 -23.716 120 94 14.331 0.625
316 657.656 21.539 3.289 -23.716 120 92 14.335 0.604
317 659.658 21.495 3.289 -23.719 120 90 14.278 0.63
318 661.66 21.475 3.289 -23.716 120 88 14.361 0.646
319 663.662 21.503 3.289 -23.719 120 86 14.393 0.609
320 665.663 21.424 3.289 -23.718 120 84 14.284 0.627
321 667.665 21.511 3.289 -23.716 120 82 14.367 0.596
322 669.666 21.576 3.289 -23.716 120 80 14.318 0.625
323 671.668 21.516 3.288 -23.722 120 78 14.28 0.656
324 673.669 21.447 3.289 -23.72 120 76 14.257 0.641
325 675.671 21.443 3.289 -23.721 120 74 14.236 0.545
326 677.672 21.52 3.288 -23.717 120 72 14.165 0.617
327 679.673 21.44 3.289 -23.717 120 70 14.089 0.653
328 681.675 21.565 3.289 -23.721 120 68 14.044 0.611
329 683.677 21.51 3.288 -23.716 120 66 13.908 0.613
330 685.677 21.495 3.289 -23.719 120 64 13.773 0.55
331 687.678 21.547 3.288 -23.72 120 62 13.705 0.634
332 689.68 21.538 3.288 -23.724 120 60 13.654 0.595
333 691.681 21.457 3.288 -23.718 120 58 13.406 0.577
334 693.682 21.477 3.288 -23.725 120 56 13.042 0.637
335 695.683 21.566 3.289 -23.718 120 54 12.511 0.62
336 697.684 21.532 3.288 -23.713 120 52 11.407 0.643
337 699.685 21.386 3.288 -23.716 120 50 10.327 0.626
338 701.686 21.52 3.289 -23.718 120 48 9.06 0.581
339 703.687 21.525 3.289 -23.722 120 46 7.99 0.595
340 705.688 21.472 3.288 -23.72 120 44 7.063 0.621
341 707.689 21.416 3.289 -23.721 120 42 5.87 0.582
342 709.69 21.369 3.289 -23.718 120 40 4.964 0.546
343 711.691 21.564 3.289 -23.721 120 38 3.826 0.571
344 713.692 21.462 3.288 -23.718 120 36 3.145 0.613
345 715.692 21.526 3.289 -23.718 120 34 2.561 0.582
346 717.693 21.437 3.289 -23.718 120 32 2.115 0.607
347 719.694 21.465 3.289 -23.72 120 30 1.761 0.607
348 721.695 21.411 3.289 -23.724 120 28 1.455 0.588
349 723.696 21.469 3.289 -23.718 120 26 1.247 0.635
350 725.696 21.519 3.289 -23.717 120 24 1.114 0.621
351 727.697 21.545 3.289 -23.718 120 22 0.982 0.637
352 729.697 21.487 3.289 -23.716 120 20 0.909 0.597
353 731.698 21.523 3.289 -23.723 120 18 0.822 0.612
354 733.699 21.473 3.289 -23.718 120 16 0.773 0.633
355 735.699 21.399 3.289 -23.721 120 14 0.709 0.641
356 737.7 21.55 3.289 -23.718 120 12 0.621 0.616
357 739.7 21.378 3.289 -23.721 120 10 0.68 0.619
358 741.701 21.535 3.289 -23.721 120 8 0.655 0.606
359 743.701 21.53 3.289 -23.72 120 6 0.628 0.643
360 745.702 21.432 3.289 -23.722 120 4 0.633 0.58
361 747.702 21.492 3.289 -23.724 120 2 0.629 0.611
362 749.703 21.474 3.288 -23.718 120 0 0.61 0.615
363 761.488 21.522 3.289 -23.724 135 0 0.647 0.591
364 763.494 21.521 3.289 -23.723 135 2 0.703 0.604
365 765.498 21.493 3.289 -23.722 135 4 0.634 0.583
366 767.506 21.483 3.288 -23.725 135 6 0.653 0.555
367 769.511 21.476 3.289 -23.719 135 8 0.659 0.619
368 771.515 21.565 3.289 -23.719 135 10 0.663 0.611
369 773.521 21.431 3.289 -23.726 135 12 0.663 0.573
370 775.525 21.559 3.289 -23.721 135 14 0.684 0.625
371 777.527 21.483 3.289 -23.721 135 16 0.762 0.617
372 779.532 21.424 3.289 -23.716 135 18 0.85 0.595
373 781.54 21.523 3.289 -23.72 135 20 0.932 0.595
374 783.545 21.499 3.289 -23.722 135 22 1.042 0.6
375 785.552 21.583 3.289 -23.722 135 24 1.08 0.623
376 787.557 21.53 3.289 -23.717 135 26 1.156 0.606
377 789.559 21.473 3.289 -23.717 135 28 1.409 0.636
378 791.563 21.556 3.289 -23.719 135 30 1.698 0.647
379 793.569 21.445 3.289 -23.717 135 32 2.045 0.634
380 795.573 21.541 3.289 -23.715 135 34 2.432 0.621
381 797.578 21.61 3.289 -23.72 135 36 2.777 0.663
382 799.584 21.575 3.289 -23.723 135 38 3.453 0.634
383 801.588 21.525 3.289 -23.723 135 40 4.402 0.636
384 803.594 21.576 3.289 -23.723 135 42 5.393 0.631
385 805.6 21.571 3.289 -23.718 135 44 6.671 0.605
386 807.603 21.472 3.289 -23.718 135 46 7.56 0.636
387 809.607 21.498 3.288 -23.72 135 48 8.549 0.648
388 811.613 21.58 3.289 -23.72 135 50 10.014 0.586
389 813.619 21.47 3.289 -23.718 135 52 11.01 0.632
390 815.621 21.563 3.289 -23.721 135 54 12.283 0.592
391 817.625 21.536 3.289 -23.712 135 56 12.734 0.599
392 819.633 21.482 3.288 -23.718 135 58 13.048 0.606
393 821.637 21.501 3.288 -23.716 135 60 13.331 0.636
394 823.638 21.499 3.289 -23.718 135 62 13.537 0.646
395 825.643 21.543 3.289 -23.719 135 64 13.62 0.66
396 827.648 21.533 3.289 -23.716 135 66 13.874 0.56
397 829.654 21.481 3.289 -23.717 135 68 13.93 0.624
398 831.659 21.526 3.288 -23.715 135 70 14.016 0.588
399 833.66 21.507 3.289 -23.718 135 72 14.029 0.533
400 835.665 21.453 3.289 -23.719 135 74 14.057 0.6
401 837.669 21.589 3.288 -23.717 135 76 14.117 0.657
402 839.673 21.587 3.288 -23.719 135 78 14.232 0.651
403 841.681 21.492 3.288 -23.721 135 80 14.215 0.653
404 843.683 21.541 3.289 -23.717 135 82 14.318 0.62
405 845.689 21.504 3.289 -23.718 135 84 14.373 0.615
406 847.694 21.468 3.289 -23.716 135 86 14.299 0.612
407 849.697 21.577 3.288 -23.724 135 88 14.358 0.602
408 851.7 21.436 3.288 -23.715 135 90 14.375 0.62
409 853.705 21.448 3.289 -23.722 135 92 14.32 0.656
410 855.709 21.531 3.288 -23.721 135 94 14.279 0.557
411 857.711 21.455 3.289 -23.72 135 96 14.319 0.621
412 859.715 21.598 3.289 -23.723 135 98 14.237 0.568
413 861.722 21.529 3.288 -23.718 135 100 14.333 0.564
414 863.726 21.474 3.288 -23.717 135 102 14.203 0.636
415 865.728 21.513 3.289 -23.72 135 104 14.143 0.606
416 867.731 21.593 3.289 -23.716 135 106 14.113 0.613
417 869.736 21.454 3.289 -23.723 135 108 14.023 0.562
418 871.738 21.46 3.289 -23.723 135 110 13.858 0.636
419 873.745 21.574 3.289 -23.715 135 112 13.857 0.63
420 875.746 21.423 3.288 -23.721 135 114 13.761 0.587
421 877.751 21.618 3.288 -23.713 135 116 13.716 0.653
422 879.756 21.437 3.289 -23.714 135 118 13.476 0.671
423 881.758 21.533 3.288 -23.72 135 120 13.322 0.595
424 883.761 21.541 3.288 -23.72 135 122 13.092 0.626
425 885.766 21.498 3.288 -23.721 135 124 12.611 0.594
426 887.769 21.579 3.289 -23.718 135 126 12.009 0.599
427 889.774 21.525 3.288 -23.717 135 128 11.009 0.611
428 891.776 21.485 3.288 -23.721 135 130 9.989 0.6
429 893.78 21.546 3.288 -23.718 135 132 8.482 0.613
430 895.783 21.475 3.289 -23.719 135 134 7.185 0.563
431 897.788 21.542 3.288 -23.717 135 136 6.244 0.586
432 899.789 21.625 3.289 -23.72 135 138 4.906 0.621
433 901.792 21.462 3.289 -23.719 135 140 4.129 0.587
434 903.797 21.47 3.289 -23.721 135 142 3.358 0.593
435 905.8 21.447 3.289 -23.719 135 144 2.745 0.614
436 907.804 21.541 3.289 -23.72 135 146 2.308 0.509
437 909.809 21.416 3.289 -23.723 135 148 1.904 0.603
438 911.811 21.615 3.289 -23.717 135 150 1.664 0.617
439 913.815 21.544 3.289 -23.721 135 152 1.388 0.619
440 915.816 21.448 3.289 -23.718 135 154 1.234 0.604
441 917.819 21.471 3.289 -23.721 135 156 1.068 0.617
442 919.823 21.608 3.288 -23.726 135 158 0.998 0.611
443 921.826 21.585 3.289 -23.719 135 160 0.909 0.588
444 923.83 21.464 3.289 -23.723 135 162 0.852 0.612
445 925.832 21.504 3.289 -23.72 135 164 0.772 0.592
446 927.836 21.416 3.289 -23.72 135 166 0.735 0.599
447 929.839 21.454 3.288 -23.722 135 168 0.759 0.611
448 931.843 21.528 3.289 -23.721 135 170 0.702 0.612
449 933.845 21.585 3.289 -23.723 135 172 0.649 0.593
450 935.848 21.616 3.289 -23.715 135 174 0.625 0.598
451 937.853 21.538 3.289 -23.717 135 176 0.581 0.611
452 939.853 21.583 3.289 -23.718 135 178 0.642 0.603
453 941.857 21.527 3.288 -23.722 135 180 0.633 0.609
454 943.86 21.574 3.289 -23.72 135 178 0.641 0.603
455 945.862 21.495 3.289 -23.72 135 176 0.591 0.595
456 947.864 21.449 3.289 -23.721 135 174 0.639 0.599
457 949.867 21.557 3.289 -23.723 135 172 0.652 0.613
458 951.871 21.501 3.289 -23.723 135 170 0.684 0.625
459 953.875 21.545 3.289 -23.718 135 168 0.694 0.604
460 955.875 21.587 3.289 -23.725 135 166 0.757 0.588
461 957.877 21.575 3.289 -23.721 135 164 0.806 0.612
462 959.882 21.541 3.289 -23.72 135 162 0.854 0.598
463 961.883 21.478 3.289 -23.722 135 160 0.924 0.614
464 963.886 21.473 3.289 -23.719 135 158 1.007 0.612
465 965.889 21.541 3.289 -23.722 135 156 1.089 0.601
466 967.891 21.612 3.289 -23.721 135 154 1.216 0.587
467 969.893 21.493 3.289 -23.722 135 152 1.383 0.592
468 971.897 21.501 3.289 -23.726 135 150 1.621 0.6
469 973.898 21.516 3.289 -23.716 135 148 1.876 0.59
470 975.9 21.514 3.289 -23.721 135 146 2.262 0.622
471 977.903 21.583 3.289 -23.717 135 144 2.75 0.591
472 979.906 21.453 3.289 -23.72 135 142 3.315 0.614
473 981.907 21.517 3.289 -23.723 135 140 3.989 0.591
474 983.909 21.61 3.289 -23.72 135 138 4.876 0.605
475 985.912 21.536 3.288 -23.716 135 136 5.958 0.61
476 987.914 21.552 3.288 -23.718 135 134 7.221 0.593
477 989.919 21.592 3.289 -23.719 135 132 8.483 0.62
478 991.919 21.485 3.289 -23.719 135 130 9.966 0.597
479 993.921 21.542 3.288 -23.722 135 128 10.92 0.605
480 995.923 21.428 3.288 -23.718 135 126 12.009 0.619
481 997.925 21.495 3.289 -23.719 135 124 12.572 0.605
482 999.928 21.562 3.288 -23.721 135 122 12.965 0.605
483 1001.929 21.512 3.288 -23.718 135 120 13.307 0.611
484 1003.93 21.498 3.289 -23.717 135 118 13.46 0.609
485 1005.932 21.552 3.288 -23.72 135 116 13.503 0.633
486 1007.934 21.486 3.289 -23.717 135 114 13.756 0.626
487 1009.936 21.522 3.289 -23.713 135 112 13.887 0.627
488 1011.938 21.562 3.289 -23.714 135 110 13.949 0.631
489 1013.94 21.529 3.289 -23.717 135 108 14.005 0.622
490 1015.943 21.569 3.289 -23.719 135 106 14.038 0.603
491 1017.944 21.533 3.289 -23.721 135 104 14.146 0.587
492 1019.945 21.47 3.288 -23.719 135 102 14.192 0.63
493 1021.947 21.403 3.289 -23.722 135 100 14.251 0.563
494 1023.949 21.54 3.288 -23.724 135 98 14.257 0.606
495 1025.95 21.581 3.289 -23.719 135 96 14.298 0.616
496 1027.952 21.446 3.288 -23.72 135 94 14.316 0.59
497 1029.954 21.538 3.289 -23.717 135 92 14.338 0.558
498 1031.955 21.595 3.288 -23.723 135 90 14.291 0.629
499 1033.957 21.488 3.288 -23.719 135 88 14.315 0.635
500 1035.959 21.583 3.289 -23.721 135 86 14.37 0.627
501 1037.96 21.527 3.288 -23.718 135 84 14.333 0.608
502 1039.961 21.6 3.289 -23.723 135 82 14.326 0.542
503 1041.963 21.525 3.289 -23.718 135 80 14.265 0.627
504 1043.966 21.524 3.289 -23.72 135 78 14.294 0.62
505 1045.967 21.535 3.288 -23.713 135 76 14.204 0.604
506 1047.967 21.507 3.288 -23.716 135 74 14.08 0.652
507 1049.969 21.441 3.288 -23.716 135 72 14.109 0.611
508 1051.97 21.533 3.288 -23.718 135 70 14.009 0.582
509 1053.971 21.555 3.288 -23.721 135 68 13.952 0.628
510 1055.973 21.52 3.289 -23.72 135 66 13.867 0.62
511 1057.974 21.478 3.288 -23.714 135 64 13.621 0.615
512 1059.975 21.542 3.288 -23.719 135 62 13.589 0.639
513 1061.976 21.596 3.288 -23.718 135 60 13.387 0.617
514 1063.977 21.562 3.289 -23.717 135 58 13.265 0.593
515 1065.978 21.488 3.289 -23.72 135 56 12.891 0.554
516 1067.979 21.469 3.289 -23.72 135 54 12.45 0.623
517 1069.981 21.475 3.288 -23.719 135 52 11.489 0.568
518 1071.982 21.508 3.289 -23.719 135 50 10.238 0.55
519 1073.982 21.583 3.288 -23.72 135 48 8.943 0.598
520 1075.983 21.601 3.289 -23.72 135 46 7.717 0.608
521 1077.985 21.459 3.289 -23.717 135 44 6.829 0.629
522 1079.985 21.496 3.289 -23.718 135 42 5.584 0.623
523 1081.986 21.6 3.289 -23.718 135 40 4.694 0.628
524 1083.987 21.58 3.288 -23.72 135 38 3.573 0.61
525 1085.988 21.478 3.288 -23.72 135 36 2.982 0.657
526 1087.989 21.567 3.289 -23.717 135 34 2.441 0.628
527 1089.99 21.544 3.289 -23.717 135 32 2.12 0.612
528 1091.99 21.427 3.288 -23.721 135 30 1.715 0.598
529 1093.991 21.619 3.289 -23.718 135 28 1.356 0.585
530 1095.994 21.469 3.289 -23.719 135 26 1.176 0.613
531 1097.994 21.579 3.289 -23.717 135 24 1.179 0.571
532 1099.994 21.553 3.289 -23.719 135 22 1.005 0.608
533 1101.994 21.501 3.289 -23.726 135 20 0.88 0.611
534 1103.995 21.467 3.289 -23.72 135 18 0.843 0.588
535 1105.995 21.493 3.289 -23.721 135 16 0.72 0.61
536 1107.995 21.512 3.289 -23.721 135 14 0.736 0.638
537 1109.996 21.508 3.289 -23.725 135 12 0.742 0.612
538 1111.996 21.587 3.289 -23.718 135 10 0.695 0.595
539 1113.997 21.506 3.289 -23.721 135 8 0.672 0.602
540 1115.997 21.492 3.289 -23.716 135 6 0.666 0.608
541 1117.997 21.553 3.288 -23.72 135 4 0.673 0.604
542 1119.998 21.592 3.289 -23.72 135 2 0.666 0.592
543 1121.998 21.485 3.289 -23.72 135 0 0.588 0.62
544 1133.788 21.566 3.289 -23.722 150 0 0.664 0.619
545 1135.792 21.55 3.289 -23.714 150 2 0.584 0.582
546 1137.799 21.527 3.289 -23.716 150 4 0.597 0.617
547 1139.805 21.609 3.289 -23.72 150 6 0.652 0.63
548 1141.808 21.555 3.289 -23.721 150 8 0.65 0.607
549 1143.815 21.61 3.289 -23.717 150 10 0.708 0.602
550 1145.821 21.507 3.289 -23.725 150 12 0.697 0.632
551 1147.823 21.62 3.288 -23.721 150 14 0.721 0.601
552 1149.828 21.613 3.289 -23.719 150 16 0.762 0.621
553 1151.835 21.593 3.289 -23.722 150 18 0.799 0.604
554 1153.842 21.589 3.289 -23.721 150 20 0.858 0.618
555 1155.844 21.521 3.289 -23.722 150 22 0.822 0.649
556 1157.849 21.538 3.289 -23.716 150 24 0.944 0.545
557 1159.856 21.553 3.289 -23.72 150 26 0.987 0.58
558 1161.86 21.533 3.289 -23.721 150 28 1.115 0.638
559 1163.866 21.603 3.289 -23.719 150 30 1.482 0.584
560 1165.869 21.586 3.289 -23.718 150 32 1.75 0.58
561 1167.874 21.566 3.289 -23.719 150 34 2.164 0.613
562 1169.881 21.651 3.289 -23.719 150 36 2.533 0.646
563 1171.885 21.642 3.288 -23.723 150 38 3.165 0.62
564 1173.89 21.575 3.289 -23.721 150 40 4.207 0.518
565 1175.896 21.542 3.289 -23.721 150 42 5.153 0.558
566 1177.899 21.576 3.289 -23.718 150 44 6.491 0.628
567 1179.905 21.671 3.289 -23.717 150 46 7.429 0.636
568 1181.906 21.581 3.289 -23.715 150 48 8.489 0.616
569 1183.912 21.606 3.288 -23.72 150 50 9.852 0.654
570 1185.919 21.608 3.288 -23.718 150 52 10.854 0.659
571 1187.922 21.442 3.289 -23.72 150 54 12.06 0.555
572 1189.927 21.53 3.288 -23.72 150 56 12.636 0.604
573 1191.931 21.584 3.289 -23.718 150 58 13.031 0.629
574 1193.936 21.63 3.289 -23.721 150 60 13.367 0.591
575 1195.941 21.581 3.288 -23.718 150 62 13.479 0.593
576 1197.948 21.604 3.288 -23.716 150 64 13.637 0.594
577 1199.949 21.612 3.289 -23.718 150 66 13.694 0.606
578 1201.954 21.551 3.288 -23.716 150 68 13.893 0.655
579 1203.959 21.635 3.288 -23.723 150 70 13.936 0.619
580 1205.96 21.548 3.289 -23.719 150 72 14.019 0.557
581 1207.964 21.588 3.288 -23.716 150 74 14.112 0.622
582 1209.969 21.617 3.288 -23.718 150 76 14.159 0.641
583 1211.977 21.512 3.289 -23.721 150 78 14.17 0.644
584 1213.979 21.484 3.288 -23.719 150 80 14.199 0.546
585 1215.985 21.566 3.288 -23.721 150 82 14.282 0.677
586 1217.986 21.551 3.288 -23.722 150 84 14.33 0.672
587 1219.993 21.65 3.288 -23.72 150 86 14.293 0.618
588 1221.996 21.531 3.289 -23.716 150 88 14.336 0.606
589 1224.001 21.538 3.289 -23.72 150 90 14.36 0.618
590 1226.004 21.483 3.288 -23.719 150 92 14.389 0.668
591 1228.006 21.537 3.289 -23.725 150 94 14.374 0.652
592 1230.012 21.531 3.288 -23.718 150 96 14.354 0.574
593 1232.014 21.53 3.288 -23.723 150 98 14.296 0.63
594 1234.018 21.603 3.288 -23.716 150 100 14.278 0.612
595 1236.024 21.63 3.289 -23.724 150 102 14.242 0.581
596 1238.027 21.505 3.288 -23.72 150 104 14.151 0.626
597 1240.033 21.541 3.288 -23.713 150 106 14.139 0.594
598 1242.036 21.625 3.288 -23.718 150 108 14.098 0.635
599 1244.039 21.495 3.289 -23.719 150 110 14.002 0.628
600 1246.043 21.547 3.288 -23.721 150 112 13.915 0.608
601 1248.048 21.525 3.289 -23.717 150 114 13.829 0.625
602 1250.05 21.564 3.289 -23.716 150 116 13.71 0.599
603 1252.052 21.537 3.289 -23.716 150 118 13.611 0.652
604 1254.058 21.613 3.289 -23.721 150 120 13.375 0.577
605 1256.06 21.524 3.289 -23.718 150 122 13.154 0.649
606 1258.066 21.648 3.289 -23.718 150 124 12.749 0.63
607 1260.068 21.576 3.288 -23.723 150 126 12.116 0.607
608 1262.073 21.538 3.289 -23.72 150 128 10.996 0.568
609 1264.077 21.579 3.289 -23.717 150 130 10.037 0.62
610 1266.08 21.579 3.289 -23.722 150 132 8.6 0.605
611 1268.082 21.587 3.289 -23.723 150 134 7.436 0.623
612 1270.087 21.508 3.289 -23.717 150 136 6.327 0.6
613 1272.09 21.527 3.289 -23.724 150 138 5.234 0.616
614 1274.094 21.639 3.289 -23.72 150 140 4.436 0.622
615 1276.098 21.522 3.289 -23.72 150 142 3.565 0.599
616 1278.099 21.547 3.289 -23.718 150 144 2.96 0.622
617 1280.101 21.592 3.289 -23.719 150 146 2.466 0.596
618 1282.107 21.537 3.289 -23.721 150 148 2.018 0.598
619 1284.11 21.592 3.289 -23.723 150 150 1.701 0.645
620 1286.111 21.537 3.289 -23.719 150 152 1.489 0.624
621 1288.115 21.657 3.289 -23.729 150 154 1.256 0.611
622 1290.12 21.492 3.289 -23.722 150 156 1.169 0.61
623 1292.121 21.583 3.289 -23.716 150 158 1.019 0.609
624 1294.124 21.562 3.289 -23.718 150 160 0.905 0.596
625 1296.128 21.553 3.289 -23.718 150 162 0.846 0.599
626 1298.132 21.578 3.289 -23.719 150 164 0.788 0.585
627 1300.135 21.541 3.289 -23.717 150 166 0.743 0.594
628 1302.136 21.665 3.289 -23.719 150 168 0.708 0.595
629 1304.142 21.575 3.289 -23.721 150 170 0.714 0.598
630 1306.143 21.629 3.289 -23.718 150 172 0.688 0.601
631 1308.146 21.533 3.289 -23.717 150 174 0.619 0.591
632 1310.15 21.545 3.288 -23.717 150 176 0.689 0.589
633 1312.15 21.673 3.289 -23.724 150 178 0.662 0.583
634 1314.154 21.561 3.289 -23.721 150 180 0.648 0.613
635 1316.156 21.646 3.289 -23.722 150 178 0.663 0.584
636 1318.16 21.566 3.289 -23.719 150 176 0.652 0.598
637 1320.165 21.554 3.289 -23.718 150 174 0.659 0.622
638 1322.166 21.529 3.289 -23.724 150 172 0.654 0.595
639 1324.168 21.638 3.289 -23.718 150 170 0.637 0.599
640 1326.17 21.468 3.289 -23.717 150 168 0.709 0.598
641 1328.173 21.565 3.289 -23.717 150 166 0.772 0.597
642 1330.177 21.474 3.289 -23.724 150 164 0.771 0.619
643 1332.178 21.606 3.289 -23.719 150 162 0.856 0.586
644 1334.181 21.531 3.289 -23.722 150 160 0.902 0.571
645 1336.187 21.585 3.289 -23.721 150 158 1.02 0.604
646 1338.187 21.539 3.289 -23.72 150 156 1.08 0.584
647 1340.189 21.533 3.289 -23.719 150 154 1.26 0.63
648 1342.191 21.619 3.289 -23.722 150 152 1.472 0.602
649 1344.194 21.575 3.289 -23.722 150 150 1.668 0.594
650 1346.196 21.546 3.289 -23.726 150 148 1.974 0.593
651 1348.199 21.577 3.289 -23.724 150 146 2.436 0.595
652 1350.2 21.614 3.289 -23.72 150 144 2.878 0.593
653 1352.203 21.57 3.289 -23.719 150 142 3.521 0.607
654 1354.205 21.552 3.289 -23.723 150 140 4.305 0.601
655 1356.209 21.51 3.289 -23.722 150 138 5.112 0.594
656 1358.21 21.474 3.289 -23.719 150 136 6.379 0.634
657 1360.211 21.47 3.289 -23.722 150 134 7.397 0.616
658 1362.214 21.583 3.289 -23.72 150 132 8.432 0.616
659 1364.216 21.61 3.288 -23.72 150 130 10.017 0.606
660 1366.218 21.588 3.289 -23.718 150 128 10.855 0.616
661 1368.219 21.604 3.288 -23.713 150 126 12.119 0.613
662 1370.222 21.558 3.289 -23.714 150 124 12.746 0.63
663 1372.225 21.526 3.288 -23.723 150 122 13.121 0.629
664 1374.226 21.537 3.289 -23.719 150 120 13.444 0.609
665 1376.228 21.571 3.289 -23.719 150 118 13.543 0.575
666 1378.232 21.568 3.289 -23.718 150 116 13.68 0.617
667 1380.233 21.601 3.289 -23.718 150 114 13.836 0.618
668 1382.233 21.547 3.289 -23.715 150 112 13.886 0.614
669 1384.235 21.643 3.289 -23.719 150 110 14.001 0.621
670 1386.238 21.528 3.289 -23.72 150 108 13.915 0.602
671 1388.239 21.528 3.289 -23.719 150 106 14.088 0.664
672 1390.24 21.604 3.289 -23.716 150 104 14.183 0.616
673 1392.243 21.555 3.288 -23.719 150 102 14.254 0.591
674 1394.244 21.578 3.288 -23.72 150 100 14.276 0.62
675 1396.246 21.606 3.289 -23.719 150 98 14.297 0.603
676 1398.248 21.602 3.288 -23.718 150 96 14.269 0.645
677 1400.249 21.579 3.289 -23.72 150 94 14.284 0.597
678 1402.25 21.472 3.288 -23.727 150 92 14.238 0.641
679 1404.252 21.54 3.289 -23.72 150 90 14.349 0.657
680 1406.253 21.573 3.288 -23.725 150 88 14.34 0.653
681 1408.256 21.591 3.288 -23.719 150 86 14.385 0.609
682 1410.257 21.524 3.289 -23.723 150 84 14.392 0.601
683 1412.259 21.646 3.289 -23.713 150 82 14.322 0.599
684 1414.259 21.566 3.288 -23.723 150 80 14.207 0.576
685 1416.261 21.61 3.289 -23.722 150 78 14.184 0.594
686 1418.263 21.621 3.289 -23.721 150 76 14.157 0.638
687 1420.264 21.671 3.289 -23.718 150 74 14.047 0.55
688 1422.266 21.516 3.288 -23.718 150 72 14.043 0.595
689 1424.267 21.664 3.288 -23.719 150 70 13.917 0.626
690 1426.268 21.613 3.289 -23.721 150 68 13.904 0.597
691 1428.269 21.558 3.288 -23.721 150 66 13.772 0.635
692 1430.27 21.525 3.289 -23.722 150 64 13.633 0.611
693 1432.271 21.537 3.289 -23.719 150 62 13.464 0.663
694 1434.273 21.611 3.288 -23.722 150 60 13.313 0.638
695 1436.273 21.587 3.289 -23.723 150 58 13.032 0.611
696 1438.274 21.639 3.288 -23.721 150 56 12.762 0.65
697 1440.276 21.651 3.289 -23.719 150 54 12.285 0.597
698 1442.277 21.607 3.289 -23.718 150 52 11.296 0.589
699 1444.277 21.626 3.288 -23.718 150 50 10.15 0.618
700 1446.278 21.611 3.289 -23.723 150 48 8.927 0.593
701 1448.279 21.641 3.288 -23.725 150 46 7.687 0.629
702 1450.282 21.6 3.288 -23.72 150 44 6.609 0.586
703 1452.282 21.606 3.288 -23.72 150 42 5.476 0.558
704 1454.283 21.582 3.288 -23.72 150 40 4.425 0.609
705 1456.283 21.543 3.289 -23.723 150 38 3.37 0.635
706 1458.284 21.619 3.289 -23.719 150 36 2.634 0.527
707 1460.285 21.61 3.289 -23.722 150 34 2.139 0.603
708 1462.285 21.659 3.289 -23.721 150 32 1.759 0.611
709 1464.286 21.455 3.289 -23.722 150 30 1.492 0.583
710 1466.287 21.543 3.288 -23.721 150 28 1.151 0.618
711 1468.288 21.624 3.289 -23.72 150 26 1.065 0.58
712 1470.288 21.593 3.289 -23.725 150 24 0.98 0.653
713 1472.289 21.525 3.289 -23.722 150 22 0.885 0.637
714 1474.289 21.593 3.289 -23.724 150 20 0.831 0.596
715 1476.29 21.545 3.289 -23.72 150 18 0.837 0.625
716 1478.29 21.629 3.289 -23.721 150 16 0.765 0.609
717 1480.291 21.589 3.289 -23.717 150 14 0.733 0.627
718 1482.291 21.659 3.289 -23.715 150 12 0.684 0.624
719 1484.292 21.579 3.289 -23.721 150 10 0.648 0.611
720 1486.292 21.622 3.289 -23.72 150 8 0.661 0.599
721 1488.293 21.58 3.289 -23.724 150 6 0.655 0.635
722 1490.293 21.574 3.289 -23.719 150 4 0.632 0.613
723 1492.293 21.615 3.289 -23.718 150 2 0.656 0.628
724 1494.294 21.584 3.289 -23.721 150 0 0.661 0.613
725 1506.09 21.601 3.289 -23.72 180 0 0.637 0.594
726 1508.092 21.562 3.289 -23.719 180 2 0.64 0.599
727 1510.098 21.612 3.289 -23.723 180 4 0.652 0.62
728 1512.106 21.518 3.289 -23.719 180 6 0.626 0.614
729 1514.108 21.539 3.289 -23.722 180 8 0.618 0.598
730 1516.117 21.513 3.289 -23.721 180 10 0.665 0.604
731 1518.119 21.538 3.289 -23.721 180 12 0.694 0.609
732 1520.124 21.552 3.289 -23.722 180 14 0.724 0.594
733 1522.132 21.57 3.289 -23.722 180 16 0.712 0.625
734 1524.137 21.535 3.289 -23.718 180 18 0.681 0.623
735 1526.14 21.683 3.289 -23.72 180 20 0.793 0.648
736 1528.144 21.527 3.289 -23.723 180 22 0.818 0.661
737 1530.153 21.483 3.289 -23.721 180 24 0.848 0.621
738 1532.157 21.621 3.289 -23.719 180 26 0.881 0.619
739 1534.159 21.6 3.289 -23.72 180 28 0.969 0.616
740 1536.167 21.583 3.289 -23.723 180 30 1.031 0.618
741 1538.174 21.613 3.289 -23.725 180 32 1.253 0.589
742 1540.176 21.696 3.289 -23.726 180 34 1.883 0.565
743 1542.18 21.657 3.289 -23.725 180 36 2.572 0.649
744 1544.185 21.516 3.289 -23.72 180 38 3.471 0.624
745 1546.191 21.488 3.289 -23.723 180 40 4.755 0.638
746 1548.196 21.493 3.289 -23.725 180 42 5.929 0.639
747 1550.2 21.564 3.289 -23.719 180 44 7.221 0.633
748 1552.205 21.593 3.289 -23.72 180 46 8.158 0.582
749 1554.207 21.632 3.288 -23.722 180 48 9.212 0.629
750 1556.214 21.582 3.288 -23.717 180 50 10.384 0.567
751 1558.217 21.667 3.289 -23.718 180 52 11.225 0.548
752 1560.221 21.6 3.289 -23.717 180 54 12.527 0.633
753 1562.225 21.605 3.289 -23.718 180 56 12.984 0.633
754 1564.23 21.628 3.288 -23.716 180 58 13.183 0.554
755 1566.235 21.653 3.288 -23.716 180 60 13.422 0.654
756 1568.241 21.638 3.288 -23.72 180 62 13.634 0.584
757 1570.246 21.537 3.289 -23.72 180 64 13.732 0.639
758 1572.247 21.592 3.289 -23.721 180 66 13.839 0.598
759 1574.252 21.607 3.288 -23.723 180 68 13.888 0.651
760 1576.257 21.562 3.289 -23.722 180 70 13.926 0.621
761 1578.261 21.64 3.288 -23.716 180 72 14.089 0.659
762 1580.265 21.663 3.288 -23.719 180 74 14.174 0.657
763 1582.269 21.596 3.289 -23.719 180 76 14.132 0.602
764 1584.275 21.546 3.289 -23.716 180 78 14.294 0.614
765 1586.277 21.628 3.288 -23.719 180 80 14.342 0.553
766 1588.282 21.549 3.288 -23.718 180 82 14.409 0.652
767 1590.285 21.6 3.288 -23.716 180 84 14.354 0.607
768 1592.291 21.567 3.289 -23.719 180 86 14.361 0.647
769 1594.296 21.639 3.289 -23.716 180 88 14.399 0.652
770 1596.302 21.502 3.288 -23.721 180 90 14.405 0.635
771 1598.304 21.56 3.289 -23.721 180 92 14.336 0.58
772 1600.308 21.595 3.288 -23.718 180 94 14.331 0.642
773 1602.311 21.621 3.288 -23.718 180 96 14.354 0.552
774 1604.315 21.607 3.289 -23.724 180 98 14.33 0.584
775 1606.32 21.59 3.288 -23.717 180 100 14.32 0.614
776 1608.324 21.599 3.288 -23.719 180 102 14.294 0.649
777 1610.325 21.558 3.288 -23.718 180 104 14.247 0.632
778 1612.331 21.613 3.289 -23.72 180 106 14.094 0.573
779 1614.334 21.548 3.289 -23.721 180 108 14.08 0.618
780 1616.339 21.623 3.289 -23.722 180 110 14.08 0.651
781 1618.345 21.6 3.288 -23.721 180 112 13.989 0.615
782 1620.347 21.596 3.288 -23.723 180 114 13.899 0.607
783 1622.349 21.562 3.289 -23.719 180 116 13.808 0.636
784 1624.352 21.53 3.288 -23.717 180 118 13.658 0.617
785 1626.357 21.562 3.288 -23.717 180 120 13.478 0.586
786 1628.36 21.465 3.289 -23.721 180 122 13.139 0.595
787 1630.367 21.506 3.288 -23.72 180 124 12.329 0.582
788 1632.368 21.542 3.289 -23.714 180 126 11.342 0.61
789 1634.369 21.696 3.289 -23.72 180 128 10.222 0.621
790 1636.376 21.689 3.289 -23.723 180 130 9.331 0.625
791 1638.378 21.516 3.289 -23.723 180 132 7.901 0.62
792 1640.382 21.529 3.289 -23.72 180 134 6.908 0.614
793 1642.385 21.582 3.289 -23.721 180 136 5.888 0.619
794 1644.389 21.52 3.289 -23.726 180 138 4.685 0.621
795 1646.392 21.563 3.288 -23.72 180 140 3.709 0.619
796 1648.396 21.605 3.289 -23.719 180 142 2.934 0.609
797 1650.397 21.611 3.289 -23.716 180 144 2.295 0.618
798 1652.4 21.64 3.289 -23.725 180 146 1.558 0.598
799 1654.403 21.558 3.289 -23.727 180 148 1.059 0.604
800 1656.407 21.577 3.289 -23.724 180 150 0.969 0.609
801 1658.411 21.567 3.289 -23.722 180 152 0.853 0.621
802 1660.415 21.57 3.289 -23.721 180 154 0.84 0.598
803 1662.418 21.558 3.289 -23.724 180 156 0.743 0.619
804 1664.421 21.585 3.289 -23.722 180 158 0.713 0.616
805 1666.423 21.635 3.289 -23.723 180 160 0.723 0.628
806 1668.426 21.654 3.289 -23.719 180 162 0.715 0.587
807 1670.429 21.515 3.288 -23.726 180 164 0.713 0.576
808 1672.433 21.599 3.289 -23.719 180 166 0.643 0.605
809 1674.435 21.541 3.289 -23.72 180 168 0.636 0.601
810 1676.438 21.554 3.289 -23.718 180 170 0.676 0.59
811 1678.441 21.607 3.289 -23.719 180 172 0.655 0.61
812 1680.445 21.68 3.289 -23.716 180 174 0.647 0.606
813 1682.448 21.571 3.289 -23.714 180 176 0.556 0.579
814 1684.451 21.514 3.289 -23.719 180 178 0.642 0.597
815 1686.455 21.577 3.289 -23.717 180 180 0.639 0.621
816 1688.456 21.537 3.289 -23.722 180 178 0.629 0.595
817 1690.459 21.516 3.289 -23.716 180 176 0.62 0.595
818 1692.46 21.587 3.288 -23.722 180 174 0.657 0.611
819 1694.465 21.528 3.289 -23.722 180 172 0.625 0.608
820 1696.467 21.632 3.289 -23.72 180 170 0.636 0.599
821 1698.469 21.477 3.289 -23.714 180 168 0.656 0.612
822 1700.471 21.531 3.289 -23.723 180 166 0.654 0.611
823 1702.477 21.543 3.289 -23.718 180 164 0.68 0.522
824 1704.477 21.646 3.289 -23.724 180 162 0.703 0.609
825 1706.478 21.574 3.289 -23.721 180 160 0.718 0.613
826 1708.482 21.556 3.289 -23.721 180 158 0.755 0.608
827 1710.484 21.658 3.289 -23.718 180 156 0.804 0.594
828 1712.486 21.571 3.289 -23.722 180 154 0.845 0.629
829 1714.489 21.581 3.289 -23.72 180 152 0.869 0.636
830 1716.491 21.48 3.289 -23.721 180 150 0.956 0.603
831 1718.494 21.573 3.289 -23.716 180 148 1.03 0.604
832 1720.495 21.603 3.289 -23.717 180 146 1.532 0.617
833 1722.5 21.603 3.289 -23.721 180 144 2.213 0.592
834 1724.5 21.528 3.289 -23.722 180 142 2.906 0.614
835 1726.503 21.563 3.288 -23.722 180 140 3.678 0.598
836 1728.504 21.674 3.289 -23.726 180 138 4.635 0.609
837 1730.508 21.559 3.289 -23.717 180 136 5.834 0.638
838 1732.509 21.607 3.289 -23.719 180 134 6.841 0.597
839 1734.51 21.61 3.289 -23.719 180 132 7.94 0.606
840 1736.514 21.487 3.288 -23.719 180 130 9.224 0.614
841 1738.516 21.605 3.288 -23.714 180 128 10.124 0.596
842 1740.517 21.67 3.288 -23.721 180 126 11.28 0.613
843 1742.52 21.587 3.289 -23.721 180 124 12.233 0.606
844 1744.523 21.523 3.289 -23.721 180 122 12.982 0.605
845 1746.523 21.597 3.289 -23.719 180 120 13.512 0.666
846 1748.525 21.55 3.288 -23.72 180 118 13.619 0.629
847 1750.527 21.68 3.288 -23.718 180 116 13.675 0.599
848 1752.529 21.654 3.288 -23.726 180 114 13.893 0.638
849 1754.531 21.627 3.289 -23.718 180 112 13.946 0.606
850 1756.533 21.558 3.289 -23.716 180 110 14.058 0.635
851 1758.534 21.557 3.289 -23.716 180 108 14.094 0.611
852 1760.536 21.602 3.288 -23.717 180 106 14.098 0.655
853 1762.539 21.583 3.288 -23.721 180 104 14.224 0.64
854 1764.539 21.574 3.288 -23.724 180 102 14.276 0.613
855 1766.542 21.595 3.289 -23.719 180 100 14.361 0.607
856 1768.546 21.666 3.289 -23.721 180 98 14.337 0.652
857 1770.546 21.597 3.289 -23.719 180 96 14.379 0.543
858 1772.546 21.603 3.289 -23.716 180 94 14.359 0.625
859 1774.548 21.69 3.289 -23.717 180 92 14.353 0.611
860 1776.549 21.642 3.289 -23.718 180 90 14.392 0.607
861 1778.551 21.652 3.289 -23.714 180 88 14.382 0.628
862 1780.552 21.628 3.289 -23.721 180 86 14.404 0.647
863 1782.554 21.64 3.289 -23.723 180 84 14.31 0.657
864 1784.555 21.557 3.289 -23.722 180 82 14.388 0.62
865 1786.557 21.627 3.289 -23.725 180 80 14.343 0.564
866 1788.557 21.603 3.289 -23.715 180 78 14.308 0.555
867 1790.559 21.633 3.288 -23.722 180 76 14.201 0.615
868 1792.56 21.629 3.288 -23.722 180 74 14.157 0.618
869 1794.562 21.604 3.289 -23.716 180 72 14.087 0.63
870 1796.563 21.597 3.289 -23.714 180 70 14.069 0.642
871 1798.565 21.659 3.289 -23.72 180 68 13.939 0.605
872 1800.566 21.574 3.288 -23.721 180 66 13.902 0.602
873 1802.567 21.692 3.288 -23.72 180 64 13.71 0.634
874 1804.567 21.643 3.289 -23.719 180 62 13.599 0.64
875 1806.571 21.606 3.289 -23.723 180 60 13.521 0.568
876 1808.571 21.559 3.288 -23.719 180 58 13.306 0.654
877 1810.572 21.6 3.289 -23.72 180 56 13.03 0.542
878 1812.572 21.665 3.288 -23.724 180 54 12.709 0.543
879 1814.573 21.52 3.289 -23.72 180 52 11.723 0.594
880 1816.574 21.584 3.289 -23.72 180 50 10.573 0.593
881 1818.575 21.693 3.288 -23.72 180 48 9.429 0.574
882 1820.576 21.632 3.289 -23.719 180 46 8.401 0.634
883 1822.577 21.55 3.289 -23.723 180 44 7.402 0.621
884 1824.578 21.662 3.289 -23.719 180 42 6.259 0.609
885 1826.579 21.587 3.289 -23.72 180 40 5.051 0.632
886 1828.58 21.658 3.289 -23.721 180 38 3.774 0.578
887 1830.58 21.625 3.289 -23.716 180 36 2.783 0.572
888 1832.581 21.638 3.289 -23.726 180 34 1.84 0.606
889 1834.582 21.674 3.289 -23.721 180 32 1.26 0.611
890 1836.583 21.567 3.289 -23.724 180 30 1.045 0.625
891 1838.583 21.606 3.289 -23.722 180 28 0.937 0.632
892 1840.583 21.543 3.289 -23.723 180 26 0.899 0.595
893 1842.584 21.562 3.289 -23.721 180 24 0.853 0.645
894 1844.585 21.721 3.289 -23.719 180 22 0.77 0.587
895 1846.585 21.6 3.289 -23.717 180 20 0.805 0.593
896 1848.586 21.608 3.289 -23.721 180 18 0.727 0.593
897 1850.586 21.627 3.289 -23.721 180 16 0.748 0.612
898 1852.587 21.563 3.288 -23.72 180 14 0.725 0.551
899 1854.587 21.604 3.289 -23.718 180 12 0.612 0.605
900 1856.588 21.638 3.289 -23.725 180 10 0.691 0.607
901 1858.588 21.554 3.289 -23.72 180 8 0.635 0.614
902 1860.589 21.587 3.289 -23.715 180 6 0.597 0.591
903 1862.589 21.583 3.289 -23.722 180 4 0.632 0.597
904 1864.589 21.592 3.289 -23.722 180 2 0.626 0.594
905 1866.59 21.582 3.289 -23.718 180 0 0.577 0.608
