Date      - 2021-10-08T11:26:24
Vref      = 3.318 V
Us(+5V)   = 4.911 V
Temp_SiPM = 21.878 C
Temp_CPU  = 32.861 C
U_LED_on  = 2.85 V, (402nm)
+U_SiPM   = 3.288 V
-U_SiPM   = -23.712 V
U_SiPM    = 27.004 V
I_SiPM    = 5.562 uA
No t[s] T[C] U+_SiPM[V] U-_SiPM[V] Vert.angl[grad]. Hor.angl[grad] I_SiPM[uA] I0_SiPM[uA] 
1 13.59 21.918 3.288 -23.717 90 0 5.568 1.705
2 15.594 21.868 3.288 -23.717 90 2 5.895 1.712
3 17.601 21.869 3.289 -23.711 90 4 6.336 1.686
4 19.607 21.873 3.289 -23.718 90 6 6.744 1.694
5 21.611 21.934 3.289 -23.712 90 8 7.253 1.703
6 23.613 21.851 3.288 -23.716 90 10 7.614 1.711
7 25.619 21.899 3.288 -23.716 90 12 7.985 1.71
8 27.627 21.863 3.289 -23.713 90 14 8.354 1.711
9 29.634 21.936 3.289 -23.714 90 16 8.693 1.687
10 31.638 21.856 3.288 -23.712 90 18 9.075 1.688
11 33.64 21.831 3.288 -23.713 90 20 9.471 1.718
12 35.644 21.841 3.288 -23.715 90 22 9.789 1.69
13 37.652 21.845 3.288 -23.711 90 24 10.078 1.714
14 39.657 21.988 3.288 -23.71 90 26 10.289 1.676
15 41.664 21.843 3.289 -23.717 90 28 10.484 1.701
16 43.668 21.881 3.288 -23.714 90 30 10.698 1.724
17 45.67 21.827 3.289 -23.713 90 32 10.931 1.716
18 47.674 21.807 3.288 -23.712 90 34 11.109 1.73
19 49.68 21.972 3.288 -23.713 90 36 11.234 1.675
20 51.688 21.885 3.288 -23.714 90 38 11.41 1.707
21 53.694 21.883 3.289 -23.715 90 40 11.586 1.659
22 55.696 21.98 3.289 -23.713 90 42 11.771 1.676
23 57.7 21.969 3.288 -23.715 90 44 12.011 1.766
24 59.705 21.97 3.288 -23.71 90 46 12.102 1.745
25 61.711 21.914 3.288 -23.713 90 48 12.319 1.699
26 63.715 21.86 3.288 -23.714 90 50 12.489 1.74
27 65.72 21.895 3.288 -23.714 90 52 12.563 1.696
28 67.725 21.806 3.288 -23.72 90 54 12.699 1.676
29 69.731 21.868 3.289 -23.719 90 56 12.826 1.754
30 71.734 21.888 3.288 -23.712 90 58 12.891 1.7
31 73.737 21.866 3.289 -23.712 90 60 13.019 1.697
32 75.741 21.931 3.289 -23.714 90 62 13.079 1.725
33 77.75 21.795 3.288 -23.711 90 64 13.184 1.734
34 79.75 21.923 3.288 -23.712 90 66 13.272 1.761
35 81.755 21.885 3.288 -23.714 90 68 13.342 1.759
36 83.761 21.876 3.288 -23.713 90 70 13.366 1.697
37 85.766 21.894 3.288 -23.712 90 72 13.529 1.728
38 87.771 21.847 3.289 -23.716 90 74 13.51 1.732
39 89.772 21.843 3.289 -23.711 90 76 13.53 1.74
40 91.777 21.817 3.288 -23.711 90 78 13.535 1.695
41 93.782 21.824 3.288 -23.715 90 80 13.715 1.644
42 95.786 21.806 3.288 -23.711 90 82 13.683 1.726
43 97.793 21.889 3.288 -23.718 90 84 13.687 1.75
44 99.796 21.941 3.288 -23.713 90 86 13.641 1.731
45 101.801 21.952 3.288 -23.715 90 88 13.732 1.759
46 103.802 21.838 3.288 -23.719 90 90 13.669 1.733
47 105.81 21.939 3.289 -23.715 90 92 13.65 1.749
48 107.812 21.804 3.288 -23.71 90 94 13.673 1.702
49 109.817 21.83 3.289 -23.715 90 96 13.619 1.753
50 111.822 21.828 3.289 -23.715 90 98 13.665 1.722
51 113.824 21.886 3.288 -23.713 90 100 13.631 1.755
52 115.828 21.851 3.288 -23.714 90 102 13.578 1.76
53 117.831 21.822 3.288 -23.719 90 104 13.497 1.645
54 119.835 21.845 3.288 -23.715 90 106 13.386 1.761
55 121.84 21.779 3.288 -23.713 90 108 13.386 1.723
56 123.844 21.855 3.289 -23.711 90 110 13.28 1.735
57 125.849 21.913 3.288 -23.714 90 112 13.193 1.738
58 127.851 21.881 3.289 -23.711 90 114 13.141 1.669
59 129.854 21.851 3.288 -23.715 90 116 13.018 1.748
60 131.859 21.86 3.288 -23.712 90 118 12.96 1.774
61 133.865 21.897 3.288 -23.71 90 120 12.817 1.711
62 135.867 21.858 3.289 -23.717 90 122 12.664 1.721
63 137.869 21.893 3.288 -23.716 90 124 12.556 1.706
64 139.875 21.746 3.289 -23.717 90 126 12.427 1.726
65 141.878 21.835 3.289 -23.711 90 128 12.22 1.719
66 143.88 21.816 3.289 -23.712 90 130 12.083 1.714
67 145.887 21.916 3.288 -23.717 90 132 11.856 1.756
68 147.888 21.893 3.288 -23.714 90 134 11.688 1.726
69 149.893 21.841 3.289 -23.715 90 136 11.498 1.73
70 151.896 21.866 3.289 -23.714 90 138 11.298 1.745
71 153.898 21.93 3.289 -23.714 90 140 11.191 1.715
72 155.902 21.869 3.289 -23.717 90 142 10.992 1.739
73 157.905 21.872 3.289 -23.717 90 144 10.768 1.714
74 159.91 21.869 3.288 -23.712 90 146 10.633 1.719
75 161.913 21.827 3.288 -23.716 90 148 10.329 1.737
76 163.917 21.898 3.289 -23.709 90 150 10.191 1.757
77 165.919 21.885 3.289 -23.71 90 152 9.864 1.74
78 167.921 21.957 3.289 -23.712 90 154 9.554 1.734
79 169.925 21.798 3.289 -23.718 90 156 9.263 1.713
80 171.928 21.857 3.289 -23.712 90 158 8.592 1.695
81 173.932 21.979 3.289 -23.717 90 160 8.182 1.768
82 175.935 21.885 3.289 -23.714 90 162 7.809 1.729
83 177.939 21.861 3.289 -23.718 90 164 7.517 1.755
84 179.941 21.904 3.289 -23.712 90 166 7.093 1.699
85 181.946 21.906 3.289 -23.712 90 168 6.755 1.741
86 183.947 21.969 3.289 -23.712 90 170 6.377 1.744
87 185.949 21.847 3.289 -23.715 90 172 6.063 1.747
88 187.953 21.902 3.289 -23.72 90 174 5.709 1.76
89 189.958 21.853 3.289 -23.712 90 176 5.208 1.769
90 191.961 21.92 3.288 -23.717 90 178 4.806 1.74
91 193.961 21.91 3.289 -23.715 90 180 4.789 1.754
92 195.965 21.947 3.289 -23.714 90 178 4.819 1.761
93 197.968 21.868 3.289 -23.72 90 176 5.241 1.695
94 199.971 21.903 3.289 -23.716 90 174 5.681 1.748
95 201.975 21.933 3.289 -23.72 90 172 6.023 1.733
96 203.977 21.809 3.289 -23.712 90 170 6.396 1.757
97 205.979 21.881 3.289 -23.711 90 168 6.673 1.735
98 207.983 21.839 3.289 -23.711 90 166 7.07 1.726
99 209.985 21.794 3.289 -23.712 90 164 7.455 1.749
100 211.987 21.865 3.289 -23.718 90 162 7.784 1.764
101 213.989 21.921 3.289 -23.717 90 160 8.146 1.742
102 215.994 21.89 3.289 -23.718 90 158 8.71 1.75
103 217.997 21.889 3.289 -23.714 90 156 9.232 1.757
104 219.997 21.83 3.289 -23.716 90 154 9.529 1.754
105 222.001 21.892 3.289 -23.712 90 152 9.845 1.752
106 224.002 21.937 3.289 -23.715 90 150 10.165 1.742
107 226.004 21.896 3.289 -23.714 90 148 10.313 1.749
108 228.008 21.796 3.288 -23.717 90 146 10.622 1.759
109 230.009 21.885 3.289 -23.715 90 144 10.832 1.761
110 232.013 21.882 3.289 -23.717 90 142 10.996 1.783
111 234.014 21.852 3.289 -23.715 90 140 11.162 1.764
112 236.019 21.783 3.288 -23.715 90 138 11.358 1.661
113 238.02 21.949 3.289 -23.714 90 136 11.534 1.752
114 240.022 21.871 3.288 -23.719 90 134 11.77 1.762
115 242.023 21.835 3.289 -23.713 90 132 11.911 1.751
116 244.027 22.017 3.289 -23.718 90 130 12.109 1.758
117 246.028 21.974 3.288 -23.713 90 128 12.265 1.76
118 248.031 21.831 3.289 -23.713 90 126 12.476 1.762
119 250.033 21.935 3.289 -23.71 90 124 12.558 1.732
120 252.035 21.902 3.288 -23.717 90 122 12.728 1.783
121 254.037 21.854 3.288 -23.717 90 120 12.846 1.811
122 256.04 21.993 3.288 -23.712 90 118 12.91 1.788
123 258.042 21.885 3.289 -23.715 90 116 13.018 1.806
124 260.043 21.771 3.288 -23.712 90 114 13.152 1.764
125 262.045 21.893 3.289 -23.719 90 112 13.253 1.76
126 264.047 21.776 3.289 -23.718 90 110 13.328 1.789
127 266.049 21.898 3.289 -23.716 90 108 13.284 1.788
128 268.05 21.95 3.289 -23.714 90 106 13.456 1.813
129 270.052 21.82 3.288 -23.713 90 104 13.583 1.766
130 272.054 21.888 3.288 -23.717 90 102 13.597 1.766
131 274.055 21.864 3.288 -23.717 90 100 13.666 1.758
132 276.057 21.826 3.288 -23.71 90 98 13.703 1.789
133 278.06 21.837 3.288 -23.716 90 96 13.724 1.744
134 280.06 21.831 3.288 -23.719 90 94 13.787 1.808
135 282.063 21.821 3.289 -23.717 90 92 13.778 1.79
136 284.065 21.899 3.288 -23.716 90 90 13.778 1.776
137 286.066 21.921 3.289 -23.715 90 88 13.823 1.791
138 288.068 21.794 3.288 -23.716 90 86 13.724 1.779
139 290.069 22.006 3.289 -23.713 90 84 13.669 1.836
140 292.071 21.877 3.288 -23.714 90 82 13.799 1.732
141 294.072 21.818 3.288 -23.717 90 80 13.761 1.736
142 296.074 21.916 3.289 -23.712 90 78 13.719 1.772
143 298.075 21.797 3.288 -23.717 90 76 13.687 1.836
144 300.077 21.772 3.289 -23.714 90 74 13.68 1.814
145 302.078 21.858 3.288 -23.713 90 72 13.625 1.801
146 304.079 21.788 3.288 -23.713 90 70 13.528 1.825
147 306.081 21.883 3.289 -23.71 90 68 13.421 1.773
148 308.082 21.865 3.289 -23.714 90 66 13.293 1.81
149 310.083 21.893 3.289 -23.715 90 64 13.307 1.765
150 312.085 21.88 3.289 -23.716 90 62 13.238 1.843
151 314.086 21.88 3.288 -23.718 90 60 13.177 1.815
152 316.087 21.81 3.288 -23.716 90 58 13.045 1.792
153 318.088 21.906 3.289 -23.715 90 56 12.964 1.78
154 320.09 21.801 3.288 -23.716 90 54 12.842 1.716
155 322.091 21.818 3.288 -23.715 90 52 12.636 1.789
156 324.092 21.734 3.288 -23.718 90 50 12.615 1.802
157 326.092 21.778 3.288 -23.714 90 48 12.468 1.821
158 328.094 21.809 3.288 -23.713 90 46 12.266 1.796
159 330.094 21.848 3.288 -23.715 90 44 12.174 1.778
160 332.096 21.893 3.288 -23.717 90 42 11.992 1.745
161 334.096 21.823 3.289 -23.716 90 40 11.806 1.805
162 336.097 21.838 3.288 -23.717 90 38 11.621 1.806
163 338.098 21.826 3.288 -23.716 90 36 11.383 1.802
164 340.099 21.835 3.289 -23.713 90 34 11.182 1.806
165 342.1 21.871 3.288 -23.718 90 32 11.02 1.785
166 344.101 21.917 3.288 -23.722 90 30 10.801 1.82
167 346.102 21.839 3.289 -23.718 90 28 10.601 1.832
168 348.102 21.927 3.289 -23.716 90 26 10.407 1.828
169 350.103 21.835 3.288 -23.718 90 24 10.195 1.79
170 352.104 21.909 3.288 -23.709 90 22 9.907 1.79
171 354.104 21.868 3.289 -23.717 90 20 9.633 1.795
172 356.105 21.79 3.288 -23.717 90 18 9.171 1.809
173 358.106 21.856 3.289 -23.712 90 16 8.774 1.828
174 360.106 21.902 3.289 -23.717 90 14 8.473 1.823
175 362.107 21.847 3.289 -23.711 90 12 8.029 1.764
176 364.107 21.824 3.289 -23.715 90 10 7.693 1.799
177 366.108 21.891 3.288 -23.714 90 8 7.307 1.812
178 368.108 21.78 3.289 -23.715 90 6 6.817 1.809
179 370.109 21.8 3.288 -23.721 90 4 6.43 1.82
180 372.109 21.856 3.288 -23.714 90 2 6.042 1.842
181 374.11 21.863 3.289 -23.717 90 0 5.672 1.843
182 389.168 21.991 3.289 -23.717 120 0 5.824 1.788
183 391.17 21.961 3.289 -23.717 120 2 6.165 1.756
184 393.176 21.762 3.289 -23.717 120 4 6.519 1.758
185 395.185 21.971 3.289 -23.714 120 6 6.976 1.757
186 397.187 21.885 3.289 -23.718 120 8 7.454 1.773
187 399.193 21.938 3.289 -23.716 120 10 7.749 1.775
188 401.202 21.868 3.289 -23.716 120 12 8.174 1.765
189 403.203 21.783 3.289 -23.714 120 14 8.513 1.721
190 405.207 21.719 3.288 -23.72 120 16 8.809 1.772
191 407.214 21.858 3.289 -23.711 120 18 9.205 1.743
192 409.219 21.893 3.289 -23.712 120 20 9.541 1.786
193 411.226 21.905 3.288 -23.713 120 22 9.988 1.79
194 413.231 21.83 3.289 -23.714 120 24 10.236 1.776
195 415.233 21.805 3.288 -23.716 120 26 10.451 1.779
196 417.238 21.945 3.288 -23.722 120 28 10.574 1.702
197 419.244 21.857 3.289 -23.716 120 30 10.795 1.764
198 421.248 21.914 3.288 -23.716 120 32 11.046 1.789
199 423.254 21.881 3.289 -23.721 120 34 11.299 1.797
200 425.258 21.846 3.288 -23.714 120 36 11.361 1.799
201 427.263 21.851 3.288 -23.714 120 38 11.585 1.804
202 429.269 21.959 3.288 -23.712 120 40 11.723 1.727
203 431.273 21.904 3.288 -23.714 120 42 11.907 1.694
204 433.278 21.826 3.289 -23.719 120 44 12.192 1.728
205 435.284 21.92 3.289 -23.715 120 46 12.266 1.809
206 437.287 21.92 3.288 -23.722 120 48 12.431 1.82
207 439.291 21.847 3.288 -23.719 120 50 12.587 1.709
208 441.297 21.83 3.289 -23.712 120 52 12.646 1.809
209 443.303 21.906 3.288 -23.719 120 54 12.725 1.784
210 445.305 21.851 3.288 -23.719 120 56 12.951 1.805
211 447.313 21.843 3.288 -23.718 120 58 13.017 1.786
212 449.317 21.902 3.288 -23.718 120 60 13.079 1.824
213 451.322 21.949 3.289 -23.716 120 62 13.177 1.796
214 453.326 21.89 3.289 -23.714 120 64 13.261 1.788
215 455.332 21.891 3.289 -23.718 120 66 13.33 1.812
216 457.333 21.971 3.289 -23.718 120 68 13.343 1.74
217 459.338 21.806 3.289 -23.716 120 70 13.545 1.838
218 461.343 21.967 3.289 -23.715 120 72 13.606 1.767
219 463.35 21.931 3.289 -23.717 120 74 13.672 1.838
220 465.351 22.019 3.288 -23.719 120 76 13.715 1.784
221 467.355 21.835 3.288 -23.712 120 78 13.755 1.812
222 469.359 21.888 3.288 -23.709 120 80 13.804 1.709
223 471.363 21.914 3.289 -23.718 120 82 13.816 1.81
224 473.369 21.897 3.288 -23.71 120 84 13.807 1.74
225 475.372 21.897 3.289 -23.712 120 86 13.81 1.748
226 477.376 21.911 3.289 -23.718 120 88 13.866 1.791
227 479.38 21.868 3.288 -23.717 120 90 13.767 1.798
228 481.387 21.88 3.288 -23.715 120 92 13.809 1.767
229 483.388 21.991 3.289 -23.717 120 94 13.818 1.849
230 485.395 21.913 3.289 -23.715 120 96 13.882 1.823
231 487.397 21.903 3.289 -23.714 120 98 13.784 1.76
232 489.401 21.935 3.289 -23.719 120 100 13.731 1.805
233 491.404 21.84 3.288 -23.718 120 102 13.691 1.802
234 493.408 21.928 3.289 -23.718 120 104 13.628 1.822
235 495.414 21.831 3.288 -23.716 120 106 13.625 1.826
236 497.418 21.862 3.288 -23.719 120 108 13.509 1.84
237 499.419 21.933 3.289 -23.716 120 110 13.466 1.854
238 501.425 21.918 3.288 -23.717 120 112 13.341 1.812
239 503.428 21.885 3.289 -23.713 120 114 13.249 1.823
240 505.433 21.929 3.289 -23.718 120 116 13.126 1.855
241 507.437 21.888 3.288 -23.716 120 118 13.058 1.864
242 509.439 21.872 3.289 -23.717 120 120 13.005 1.818
243 511.445 21.82 3.289 -23.722 120 122 12.753 1.793
244 513.447 21.793 3.289 -23.717 120 124 12.697 1.871
245 515.45 21.851 3.289 -23.717 120 126 12.612 1.853
246 517.455 21.932 3.289 -23.72 120 128 12.417 1.829
247 519.458 21.837 3.289 -23.719 120 130 12.295 1.825
248 521.463 21.847 3.288 -23.718 120 132 12.023 1.753
249 523.463 21.872 3.289 -23.722 120 134 11.933 1.863
250 525.47 21.769 3.288 -23.716 120 136 11.72 1.866
251 527.472 21.93 3.289 -23.719 120 138 11.549 1.886
252 529.477 21.892 3.288 -23.719 120 140 11.353 1.866
253 531.48 21.814 3.288 -23.717 120 142 11.151 1.839
254 533.481 21.81 3.288 -23.722 120 144 10.973 1.863
255 535.487 21.901 3.288 -23.716 120 146 10.827 1.862
256 537.488 21.82 3.288 -23.719 120 148 10.592 1.851
257 539.493 21.784 3.288 -23.715 120 150 10.386 1.849
258 541.495 21.772 3.288 -23.716 120 152 10.152 1.858
259 543.499 21.974 3.289 -23.718 120 154 9.905 1.83
260 545.502 21.882 3.288 -23.721 120 156 9.619 1.879
261 547.506 21.797 3.289 -23.716 120 158 9.044 1.852
262 549.509 21.834 3.288 -23.711 120 160 8.504 1.874
263 551.513 21.925 3.289 -23.713 120 162 8.175 1.891
264 553.515 21.825 3.289 -23.715 120 164 7.83 1.887
265 555.517 21.913 3.289 -23.721 120 166 7.367 1.896
266 557.521 21.889 3.289 -23.717 120 168 7.066 1.876
267 559.524 21.843 3.289 -23.718 120 170 6.807 1.875
268 561.528 21.888 3.288 -23.716 120 172 6.391 1.897
269 563.53 21.913 3.289 -23.714 120 174 6.009 1.887
270 565.532 21.805 3.289 -23.716 120 176 5.615 1.901
271 567.535 21.893 3.289 -23.721 120 178 5.195 1.91
272 569.539 21.927 3.288 -23.717 120 180 5.233 1.949
273 571.542 21.956 3.288 -23.721 120 178 5.243 1.943
274 573.546 21.866 3.288 -23.715 120 176 5.614 1.94
275 575.546 21.88 3.289 -23.717 120 174 6.021 1.935
276 577.55 21.797 3.289 -23.718 120 172 6.429 1.966
277 579.553 21.895 3.288 -23.717 120 170 6.798 1.957
278 581.554 21.843 3.288 -23.714 120 168 7.137 1.981
279 583.558 21.801 3.289 -23.72 120 166 7.523 1.992
280 585.56 21.944 3.288 -23.72 120 164 7.916 2.011
281 587.562 21.852 3.289 -23.716 120 162 8.287 2.048
282 589.568 21.928 3.289 -23.714 120 160 8.661 2.072
283 591.569 21.846 3.289 -23.722 120 158 9.298 2.067
284 593.571 21.827 3.289 -23.716 120 156 9.804 2.119
285 595.572 21.977 3.288 -23.713 120 154 10.075 2.113
286 597.576 21.809 3.288 -23.715 120 152 10.41 2.133
287 599.578 21.866 3.288 -23.713 120 150 10.716 2.158
288 601.58 21.876 3.289 -23.715 120 148 10.89 2.191
289 603.583 21.81 3.288 -23.717 120 146 11.105 2.232
290 605.585 21.834 3.289 -23.718 120 144 11.403 2.269
291 607.587 21.915 3.289 -23.714 120 142 11.617 2.332
292 609.59 21.898 3.289 -23.717 120 140 11.899 2.467
293 611.593 21.806 3.288 -23.714 120 138 12.209 2.552
294 613.595 21.918 3.288 -23.714 120 136 12.567 2.712
295 615.596 21.912 3.289 -23.717 120 134 12.936 2.981
296 617.6 22.007 3.289 -23.715 120 132 13.397 3.685
297 619.601 21.915 3.288 -23.711 120 130 16.76 12.139
298 621.604 21.897 3.288 -23.717 120 128 22.446 11.743
299 623.605 21.872 3.289 -23.712 120 126 22.164 11.654
300 625.607 21.811 3.288 -23.714 120 124 23.089 14.059
301 627.609 21.874 3.288 -23.716 120 122 26.733 17.149
302 629.613 21.893 3.287 -23.709 120 120 100.145 199.347
303 631.614 21.87 3.281 -23.675 120 118 231.397 229.538
304 633.616 21.876 3.284 -23.688 120 116 231.392 231.203
305 635.617 21.863 3.281 -23.676 120 114 231.65 231.39
306 637.619 21.878 3.275 -23.634 120 112 231.166 231.255
307 639.622 21.954 3.277 -23.644 120 110 231.29 231.56
308 641.624 21.961 3.278 -23.657 120 108 231.35 231.216
309 643.625 21.87 3.274 -23.642 120 106 231.257 231.344
310 645.627 21.939 3.277 -23.653 120 104 231.34 231.486
311 647.63 21.952 3.277 -23.654 120 102 231.386 231.394
312 649.631 21.949 3.275 -23.649 120 100 231.26 231.381
313 651.632 21.903 3.275 -23.642 120 98 231.213 217.565
314 653.636 21.896 3.274 -23.635 120 96 231.118 231.212
315 655.636 22 3.275 -23.642 120 94 231.293 231.3
316 657.637 21.989 3.275 -23.638 120 92 231.246 231.364
317 659.639 22.09 3.274 -23.64 120 90 231.259 231.394
318 661.64 22.028 3.275 -23.64 120 88 231.211 231.343
319 663.642 21.969 3.275 -23.638 120 86 231.247 231.321
320 665.644 21.984 3.276 -23.648 120 84 231.313 231.356
321 667.645 22.037 3.275 -23.647 120 82 231.308 231.361
322 669.647 21.965 3.275 -23.644 120 80 231.291 231.284
323 671.648 22.053 3.277 -23.642 120 78 231.286 231.229
324 673.649 22.13 3.276 -23.633 120 76 231.184 231.137
325 675.651 22.028 3.275 -23.648 120 74 231.312 231.261
326 677.653 21.994 3.276 -23.65 120 72 231.309 231.29
327 679.653 21.934 3.275 -23.645 120 70 231.352 231.321
328 681.654 21.995 3.275 -23.651 120 68 231.359 231.255
329 683.656 22.021 3.274 -23.642 120 66 231.274 231.364
330 685.657 22.047 3.276 -23.643 120 64 231.351 231.302
331 687.661 22.099 3.277 -23.65 120 62 231.419 231.276
332 689.661 22.04 3.276 -23.653 120 60 231.34 231.341
333 691.661 22.041 3.277 -23.652 120 58 231.39 231.418
334 693.662 22.068 3.277 -23.652 120 56 231.346 231.504
335 695.663 22.051 3.278 -23.649 120 54 231.407 231.417
336 697.664 22.093 3.277 -23.649 120 52 231.356 231.365
337 699.665 22.028 3.277 -23.658 120 50 231.45 231.359
338 701.666 21.995 3.277 -23.653 120 48 231.445 231.411
339 703.667 21.985 3.276 -23.644 120 46 231.391 231.488
340 705.668 22.167 3.278 -23.658 120 44 231.509 231.374
341 707.669 22.157 3.275 -23.64 120 42 231.385 231.334
342 709.67 22.115 3.276 -23.646 120 40 231.319 231.326
343 711.671 22.149 3.276 -23.651 120 38 231.34 231.366
344 713.672 22.125 3.275 -23.646 120 36 231.365 231.367
345 715.673 22.128 3.277 -23.655 120 34 231.417 231.358
346 717.674 22.133 3.276 -23.653 120 32 231.34 231.452
347 719.674 22.178 3.277 -23.654 120 30 231.435 231.415
348 721.675 22.136 3.277 -23.652 120 28 231.388 231.451
349 723.676 22.132 3.279 -23.654 120 26 231.491 231.479
350 725.676 22.182 3.278 -23.659 120 24 231.474 231.502
351 727.677 22.139 3.279 -23.669 120 22 231.585 231.632
352 729.678 22.199 3.28 -23.677 120 20 231.641 231.624
353 731.679 22.168 3.28 -23.66 120 18 231.57 231.628
354 733.679 22.166 3.28 -23.666 120 16 231.569 231.58
355 735.68 22.181 3.28 -23.668 120 14 231.598 231.584
356 737.68 22.103 3.28 -23.667 120 12 231.591 231.62
357 739.681 22.154 3.28 -23.669 120 10 231.598 231.609
358 741.681 22.132 3.28 -23.668 120 8 231.603 231.643
359 743.682 22.094 3.279 -23.666 120 6 231.591 231.607
360 745.682 22.102 3.28 -23.666 120 4 231.601 231.591
361 747.682 22.109 3.28 -23.666 120 2 231.571 231.604
362 749.683 22.107 3.28 -23.665 120 0 231.546 231.57
363 761.468 22.193 3.288 -23.714 135 0 16.172 12.163
364 763.474 22.166 3.288 -23.724 135 2 35.178 38.576
365 765.478 22.09 3.288 -23.712 135 4 39.246 40.27
366 767.485 22.089 3.288 -23.718 135 6 43.185 53.192
367 769.492 22.036 3.287 -23.713 135 8 66.558 60.094
368 771.495 22.026 3.287 -23.713 135 10 68.788 59.64
369 773.501 22.15 3.288 -23.719 135 12 17.615 9.308
370 775.505 22.229 3.288 -23.718 135 14 16.135 9.448
371 777.513 22.078 3.288 -23.716 135 16 16.383 10.393
372 779.513 22.157 3.289 -23.719 135 18 16.145 8.886
373 781.52 22.027 3.289 -23.715 135 20 16.371 8.664
374 783.525 22.157 3.288 -23.714 135 22 16.687 8.604
375 785.532 22.109 3.289 -23.716 135 24 16.669 8.492
376 787.536 22.022 3.288 -23.718 135 26 17.224 8.717
377 789.538 22.109 3.288 -23.715 135 28 17.322 8.242
378 791.547 22.142 3.288 -23.723 135 30 17.316 8.221
379 793.548 22.094 3.289 -23.717 135 32 17.671 8.101
380 795.556 22.061 3.288 -23.722 135 34 17.879 8.244
381 797.561 22.114 3.289 -23.714 135 36 18.138 8.286
382 799.562 22.044 3.288 -23.72 135 38 18.286 8.467
383 801.57 22.044 3.288 -23.716 135 40 18.453 8.392
384 803.577 22.027 3.288 -23.713 135 42 18.484 8.277
385 805.578 22.065 3.289 -23.722 135 44 18.531 8.351
386 807.586 22.098 3.289 -23.716 135 46 18.647 8.164
387 809.59 22.105 3.288 -23.715 135 48 18.761 8.156
388 811.595 22.104 3.288 -23.717 135 50 18.712 8.084
389 813.598 22.02 3.288 -23.715 135 52 18.73 8.047
390 815.6 22.025 3.289 -23.717 135 54 18.904 8.126
391 817.608 22.053 3.289 -23.715 135 56 19.114 8.225
392 819.612 22.063 3.288 -23.718 135 58 19.203 7.988
393 821.616 22.044 3.288 -23.717 135 60 19.119 7.993
394 823.621 22.143 3.289 -23.713 135 62 19.108 7.821
395 825.626 22.029 3.288 -23.719 135 64 19.086 7.774
396 827.631 22.074 3.288 -23.723 135 66 19.434 8.321
397 829.632 22.078 3.288 -23.719 135 68 19.89 8.704
398 831.637 22.03 3.289 -23.718 135 70 20.093 8.462
399 833.642 22.007 3.288 -23.72 135 72 20.158 8.561
400 835.646 22.086 3.288 -23.716 135 74 20.096 8.467
401 837.651 22.006 3.288 -23.717 135 76 20.135 8.34
402 839.655 22.01 3.288 -23.719 135 78 19.999 8.117
403 841.662 21.926 3.288 -23.718 135 80 19.937 8.168
404 843.664 21.896 3.288 -23.711 135 82 20.122 8.458
405 845.67 22.057 3.288 -23.723 135 84 20.339 8.554
406 847.67 22.033 3.288 -23.717 135 86 20.405 8.526
407 849.678 22.089 3.288 -23.72 135 88 20.178 8.392
408 851.68 22.044 3.288 -23.716 135 90 20.209 8.466
409 853.685 22.015 3.288 -23.719 135 92 20.219 8.408
410 855.688 21.959 3.288 -23.718 135 94 20.094 8.191
411 857.694 22.135 3.288 -23.717 135 96 19.947 8.181
412 859.698 22.025 3.288 -23.712 135 98 19.991 8.359
413 861.7 21.959 3.288 -23.718 135 100 20.152 8.285
414 863.705 22.042 3.288 -23.717 135 102 19.866 8.253
415 865.71 22.081 3.288 -23.72 135 104 19.818 8.19
416 867.714 21.93 3.289 -23.716 135 106 20.158 8.712
417 869.715 21.874 3.288 -23.716 135 108 20.494 9.205
418 871.72 22.083 3.288 -23.717 135 110 42.308 74.18
419 873.723 21.875 3.286 -23.702 135 112 158.054 131.331
420 875.727 21.973 3.287 -23.702 135 114 122.975 126.801
421 877.732 21.994 3.287 -23.706 135 116 136.428 135.688
422 879.737 22.05 3.287 -23.703 135 118 148.068 143.36
423 881.738 21.969 3.286 -23.703 135 120 150.172 157.469
424 883.744 22.034 3.286 -23.703 135 122 168.814 182.513
425 885.745 22.036 3.285 -23.695 135 124 187.692 207.526
426 887.751 22.02 3.285 -23.694 135 126 196.705 231.695
427 889.752 21.985 3.279 -23.667 135 128 223.028 231.609
428 891.756 21.997 3.277 -23.647 135 130 231.445 230.999
429 893.76 21.961 3.277 -23.645 135 132 231.595 231.545
430 895.763 21.952 3.275 -23.624 135 134 231.179 231.367
431 897.77 22.094 3.275 -23.643 135 136 224.537 231.521
432 899.77 22.031 3.279 -23.666 135 138 231.665 231.481
433 901.776 22.136 3.281 -23.7 135 140 229.93 228.502
434 903.777 22 3.279 -23.654 135 142 221.623 163.352
435 905.782 22.035 3.284 -23.678 135 144 44.059 9.794
436 907.786 22.036 3.288 -23.721 135 146 17.817 8.91
437 909.788 22.13 3.289 -23.716 135 148 40.12 11.819
438 911.792 22.073 3.288 -23.72 135 150 20.007 11.465
439 913.795 22.041 3.288 -23.715 135 152 27.676 33.497
440 915.798 22.119 3.288 -23.719 135 154 20.358 10.231
441 917.802 21.99 3.289 -23.717 135 156 17.399 9.566
442 919.805 22.118 3.289 -23.72 135 158 17.228 9.928
443 921.808 22.132 3.288 -23.72 135 160 16.641 10.34
444 923.811 21.981 3.289 -23.717 135 162 17.037 10.723
445 925.814 22.056 3.288 -23.716 135 164 17.009 9.915
446 927.817 22.125 3.288 -23.722 135 166 20.91 21.953
447 929.819 22.001 3.289 -23.719 135 168 17.722 10.854
448 931.823 21.977 3.289 -23.716 135 170 16.534 11.064
449 933.825 22.085 3.288 -23.718 135 172 15.007 10.643
450 935.828 21.938 3.288 -23.723 135 174 14.971 10.179
451 937.831 21.944 3.288 -23.719 135 176 14.007 9.646
452 939.836 22.049 3.288 -23.711 135 178 13.662 10.203
453 941.836 22.128 3.289 -23.713 135 180 13.382 9.885
454 943.839 22.001 3.288 -23.719 135 178 13.043 9.642
455 945.841 22.102 3.289 -23.721 135 176 13.732 9.761
456 947.845 22.078 3.288 -23.718 135 174 13.812 9.448
457 949.848 22.068 3.288 -23.712 135 172 18.807 10.508
458 951.851 22.014 3.289 -23.719 135 170 15.19 9.744
459 953.853 21.986 3.288 -23.723 135 168 23.82 15.323
460 955.855 22.074 3.288 -23.721 135 166 17.159 12.381
461 957.859 22.04 3.289 -23.718 135 164 17.877 11.427
462 959.861 21.947 3.288 -23.718 135 162 29.231 12.689
463 961.864 22.031 3.288 -23.712 135 160 17.09 10.809
464 963.867 22.011 3.288 -23.716 135 158 19.272 12.395
465 965.868 22.031 3.288 -23.709 135 156 19.339 12.415
466 967.871 22.007 3.288 -23.716 135 154 19.38 11.801
467 969.873 22.014 3.289 -23.713 135 152 26.54 13.779
468 971.877 22.055 3.288 -23.715 135 150 21.796 10.9
469 973.878 21.943 3.288 -23.721 135 148 20.68 12.052
470 975.882 21.924 3.288 -23.713 135 146 22.262 13.683
471 977.882 22.011 3.288 -23.716 135 144 29.243 20.144
472 979.885 22.028 3.288 -23.718 135 142 35.147 31.42
473 981.888 21.981 3.288 -23.716 135 140 43.013 32.432
474 983.89 21.993 3.288 -23.714 135 138 47.043 43.71
475 985.893 21.958 3.288 -23.716 135 136 46.175 45.503
476 987.894 22.082 3.288 -23.714 135 134 56.113 35.159
477 989.897 22.001 3.287 -23.708 135 132 51.204 48.423
478 991.898 21.978 3.288 -23.714 135 130 62.993 39.312
479 993.903 21.998 3.288 -23.713 135 128 52.63 41.296
480 995.903 22.036 3.288 -23.718 135 126 41.049 31.342
481 997.904 22.037 3.288 -23.719 135 124 48.234 32.566
482 999.907 22.015 3.288 -23.714 135 122 39.147 28.457
483 1001.91 22.078 3.288 -23.721 135 120 40.057 16.887
484 1003.911 21.97 3.288 -23.716 135 118 35.57 29.381
485 1005.912 21.969 3.288 -23.71 135 116 40.569 25.297
486 1007.914 22.023 3.288 -23.72 135 114 22.685 10.499
487 1009.918 21.979 3.288 -23.717 135 112 23.095 11.042
488 1011.918 21.936 3.288 -23.716 135 110 22.201 10.383
489 1013.92 22.052 3.288 -23.715 135 108 25.81 10.066
490 1015.922 22.084 3.288 -23.718 135 106 26.881 13.341
491 1017.926 22.048 3.288 -23.713 135 104 24.456 13.007
492 1019.926 22.054 3.289 -23.718 135 102 20.312 9.336
493 1021.927 21.998 3.288 -23.708 135 100 24.79 12.308
494 1023.929 21.923 3.288 -23.718 135 98 24.333 12.079
495 1025.93 21.96 3.288 -23.718 135 96 25.411 16.539
496 1027.933 22.008 3.288 -23.718 135 94 24.277 10.507
497 1029.934 22.044 3.288 -23.721 135 92 36.704 14.465
498 1031.937 22.023 3.288 -23.715 135 90 25.049 14.783
499 1033.938 21.988 3.288 -23.714 135 88 30.751 12.249
500 1035.939 21.951 3.288 -23.721 135 86 24.631 12.002
501 1037.941 21.924 3.288 -23.712 135 84 24.165 13.326
502 1039.942 22.012 3.288 -23.715 135 82 24.642 14.175
503 1041.943 21.935 3.288 -23.716 135 80 25.417 12.837
504 1043.945 22.002 3.288 -23.715 135 78 25.346 11.732
505 1045.946 21.973 3.288 -23.718 135 76 25.269 12.195
506 1047.95 21.981 3.288 -23.713 135 74 24.912 13.815
507 1049.95 21.91 3.288 -23.722 135 72 23.63 11.882
508 1051.951 21.99 3.288 -23.712 135 70 23.976 11.432
509 1053.951 21.998 3.288 -23.719 135 68 24.474 12.848
510 1055.953 21.914 3.289 -23.717 135 66 20.46 8.698
511 1057.954 22.013 3.288 -23.719 135 64 20.204 8.628
512 1059.955 21.928 3.288 -23.714 135 62 20.688 9.372
513 1061.956 22.04 3.289 -23.715 135 60 20.695 9.413
514 1063.958 22.012 3.288 -23.717 135 58 20.8 9.875
515 1065.959 21.994 3.289 -23.717 135 56 21.004 9.837
516 1067.96 21.95 3.288 -23.719 135 54 20.94 10.012
517 1069.96 21.925 3.288 -23.718 135 52 21.14 10.83
518 1071.962 21.973 3.288 -23.714 135 50 22.048 11.369
519 1073.963 21.945 3.288 -23.718 135 48 22.133 11.551
520 1075.963 21.952 3.288 -23.722 135 46 20.988 10.583
521 1077.965 21.884 3.289 -23.717 135 44 20.337 9.793
522 1079.965 21.994 3.289 -23.721 135 42 20.403 10.026
523 1081.966 21.945 3.288 -23.72 135 40 20.37 10.501
524 1083.967 21.954 3.288 -23.713 135 38 20.206 9.796
525 1085.968 21.918 3.288 -23.719 135 36 19.224 9.411
526 1087.969 21.99 3.288 -23.719 135 34 19.155 9.458
527 1089.97 22.064 3.288 -23.717 135 32 19.146 9.755
528 1091.971 22.031 3.288 -23.713 135 30 19.605 10.688
529 1093.971 21.919 3.288 -23.716 135 28 19.128 9.774
530 1095.972 22.037 3.288 -23.717 135 26 18.428 9.855
531 1097.973 22.035 3.288 -23.72 135 24 17.831 9.344
532 1099.974 22.058 3.289 -23.714 135 22 17.524 9.543
533 1101.974 22.097 3.288 -23.717 135 20 17.521 9.953
534 1103.975 22 3.288 -23.715 135 18 17.043 9.75
535 1105.975 22.042 3.288 -23.716 135 16 16.555 9.742
536 1107.976 22.027 3.289 -23.721 135 14 16.338 9.66
537 1109.976 21.985 3.288 -23.719 135 12 16.503 10.345
538 1111.979 21.963 3.288 -23.717 135 10 16.991 10.152
539 1113.979 22.037 3.289 -23.716 135 8 15.847 9.764
540 1115.979 21.98 3.289 -23.718 135 6 14.846 9.38
541 1117.98 21.973 3.289 -23.722 135 4 14.356 9.405
542 1119.98 22.002 3.288 -23.714 135 2 14.285 9.931
543 1121.98 22.036 3.289 -23.718 135 0 14.413 10.804
544 1133.768 22.088 3.288 -23.713 150 0 13.599 9.823
545 1135.772 21.964 3.289 -23.717 150 2 14.274 10.142
546 1137.779 21.973 3.289 -23.72 150 4 14.15 9.466
547 1139.785 22.008 3.288 -23.716 150 6 14.673 9.413
548 1141.788 22.082 3.288 -23.719 150 8 14.535 8.766
549 1143.794 21.978 3.288 -23.723 150 10 14.663 8.962
550 1145.798 21.97 3.289 -23.718 150 12 14.982 8.573
551 1147.805 22.04 3.289 -23.715 150 14 14.968 8.489
552 1149.809 21.941 3.288 -23.718 150 16 15.415 8.625
553 1151.816 22.021 3.288 -23.716 150 18 15.525 8.498
554 1153.821 21.952 3.288 -23.717 150 20 15.82 8.332
555 1155.825 22.065 3.288 -23.724 150 22 16.047 8.177
556 1157.829 22.029 3.288 -23.72 150 24 15.584 7.365
557 1159.836 22.019 3.288 -23.713 150 26 15.751 7.488
558 1161.84 21.996 3.288 -23.716 150 28 16.372 7.662
559 1163.846 22.021 3.288 -23.718 150 30 16.519 7.92
560 1165.849 22.028 3.288 -23.716 150 32 16.97 7.913
561 1167.854 21.949 3.289 -23.718 150 34 16.696 7.742
562 1169.86 22.014 3.288 -23.721 150 36 17.104 8.094
563 1171.864 22.041 3.288 -23.716 150 38 17.92 8.175
564 1173.868 21.923 3.289 -23.717 150 40 18.008 7.944
565 1175.875 21.926 3.289 -23.714 150 42 17.954 7.851
566 1177.878 21.974 3.288 -23.72 150 44 18.154 7.886
567 1179.882 21.955 3.288 -23.72 150 46 18.299 8.08
568 1181.888 21.932 3.288 -23.713 150 48 18.536 8.06
569 1183.894 21.914 3.288 -23.715 150 50 18.93 8.313
570 1185.897 22.043 3.288 -23.716 150 52 18.883 8.425
571 1187.904 22.04 3.288 -23.715 150 54 20.332 9.476
572 1189.909 22.026 3.288 -23.714 150 56 20.34 9.089
573 1191.91 21.99 3.289 -23.714 150 58 20.299 9.133
574 1193.914 22.102 3.288 -23.717 150 60 20.245 8.798
575 1195.919 21.952 3.288 -23.715 150 62 19.606 8.059
576 1197.924 21.985 3.288 -23.72 150 64 19.542 8.082
577 1199.931 21.991 3.288 -23.715 150 66 20.12 8.849
578 1201.932 22.073 3.289 -23.719 150 68 20.236 8.633
579 1203.937 22.014 3.288 -23.721 150 70 20.299 8.266
580 1205.941 21.948 3.288 -23.716 150 72 19.998 8.103
581 1207.946 22.015 3.288 -23.717 150 74 19.676 7.934
582 1209.949 21.978 3.289 -23.719 150 76 19.759 7.838
583 1211.957 21.969 3.288 -23.718 150 78 19.859 8.014
584 1213.959 22.01 3.288 -23.717 150 80 20.035 9.171
585 1215.964 22.022 3.288 -23.715 150 82 21.632 9.612
586 1217.969 21.996 3.288 -23.715 150 84 22.161 9.645
587 1219.974 21.897 3.288 -23.714 150 86 21.427 9.833
588 1221.976 21.942 3.288 -23.716 150 88 21.92 10.504
589 1223.981 21.969 3.289 -23.714 150 90 22.35 10.367
590 1225.984 22.025 3.288 -23.718 150 92 21.986 9.702
591 1227.99 21.971 3.288 -23.718 150 94 21.185 9.051
592 1229.995 21.871 3.288 -23.719 150 96 21.121 9.169
593 1231.997 21.91 3.289 -23.716 150 98 20.983 8.933
594 1234.001 21.944 3.289 -23.715 150 100 21.599 9.872
595 1236.003 21.962 3.288 -23.715 150 102 21.361 9.273
596 1238.01 21.964 3.289 -23.715 150 104 21.404 9.507
597 1240.011 22.036 3.289 -23.716 150 106 20.561 8.541
598 1242.017 22.002 3.288 -23.717 150 108 20.048 8.262
599 1244.02 22.011 3.289 -23.717 150 110 19.659 9.034
600 1246.024 21.976 3.288 -23.716 150 112 20.567 9.176
601 1248.028 22.081 3.288 -23.716 150 114 20.708 9.42
602 1250.03 21.973 3.288 -23.717 150 116 20.79 9.941
603 1252.035 21.973 3.288 -23.714 150 118 20.847 9.646
604 1254.038 22.007 3.289 -23.713 150 120 20.815 9.809
605 1256.04 22.039 3.288 -23.717 150 122 20.42 9.499
606 1258.046 21.996 3.288 -23.718 150 124 20.233 9.34
607 1260.048 22.017 3.289 -23.72 150 126 19.816 9.074
608 1262.052 21.96 3.288 -23.71 150 128 19.628 9.257
609 1264.056 22.025 3.288 -23.714 150 130 19.67 9.418
610 1266.06 22.016 3.288 -23.724 150 132 19.927 9.258
611 1268.062 22.024 3.288 -23.716 150 134 18.91 8.411
612 1270.066 21.991 3.288 -23.713 150 136 18.882 9.611
613 1272.069 22.136 3.288 -23.721 150 138 19.369 9.594
614 1274.073 22.023 3.288 -23.723 150 140 18.89 9.305
615 1276.076 21.9 3.289 -23.72 150 142 18.825 9.607
616 1278.082 22.072 3.288 -23.717 150 144 19.108 10.438
617 1280.083 22.035 3.288 -23.714 150 146 19.761 10.766
618 1282.086 22.073 3.289 -23.718 150 148 19.276 10.674
619 1284.089 22.015 3.288 -23.719 150 150 19.378 10.654
620 1286.092 22.04 3.289 -23.719 150 152 17.599 9.029
621 1288.096 21.968 3.289 -23.716 150 154 17.053 8.627
622 1290.099 21.96 3.288 -23.716 150 156 17.187 9.352
623 1292.104 22.059 3.288 -23.716 150 158 17.368 9.838
624 1294.106 21.966 3.289 -23.717 150 160 16.514 9.424
625 1296.108 22.012 3.288 -23.717 150 162 16.047 9.534
626 1298.111 22.099 3.289 -23.723 150 164 16.108 9.714
627 1300.114 22.043 3.289 -23.717 150 166 16.113 10.013
628 1302.117 21.91 3.289 -23.721 150 168 14.386 8.89
629 1304.122 22.012 3.288 -23.72 150 170 13.799 8.774
630 1306.126 22.06 3.289 -23.719 150 172 13.713 8.609
631 1308.126 22.01 3.288 -23.723 150 174 12.822 8.428
632 1310.129 21.948 3.289 -23.718 150 176 12.383 8.431
633 1312.132 21.965 3.289 -23.716 150 178 12.622 9.385
634 1314.135 21.98 3.288 -23.722 150 180 12.659 9.102
635 1316.137 22.112 3.288 -23.719 150 178 12.501 8.827
636 1318.141 21.979 3.289 -23.714 150 176 12.822 8.937
637 1320.144 22.047 3.288 -23.72 150 174 13.329 8.918
638 1322.145 22.004 3.289 -23.717 150 172 13.39 8.654
639 1324.149 22.057 3.289 -23.716 150 170 14.324 9.286
640 1326.151 21.912 3.288 -23.723 150 168 15.146 9.052
641 1328.153 21.992 3.289 -23.718 150 166 14.196 8.557
642 1330.157 22.011 3.289 -23.72 150 164 14.975 8.839
643 1332.158 21.91 3.288 -23.717 150 162 15.478 9.043
644 1334.163 21.954 3.289 -23.721 150 160 15.846 9.241
645 1336.164 21.968 3.288 -23.719 150 158 16.52 9.139
646 1338.167 21.975 3.288 -23.721 150 156 16.988 9.132
647 1340.17 21.945 3.289 -23.716 150 154 17.375 8.92
648 1342.172 21.991 3.288 -23.721 150 152 17.377 8.893
649 1344.174 22 3.289 -23.716 150 150 16.048 7.699
650 1346.176 22.088 3.289 -23.719 150 148 16.842 8.093
651 1348.179 21.994 3.288 -23.717 150 146 18.031 9.263
652 1350.18 21.998 3.289 -23.721 150 144 18.228 9.454
653 1352.182 22.026 3.288 -23.719 150 142 18.095 8.436
654 1354.184 22.005 3.288 -23.715 150 140 17.927 8.625
655 1356.187 22.002 3.288 -23.718 150 138 17.931 8.259
656 1358.192 22.03 3.288 -23.716 150 136 19.014 9.151
657 1360.193 22.014 3.288 -23.715 150 134 19.054 8.871
658 1362.193 22.072 3.289 -23.719 150 132 18.831 8.052
659 1364.197 22.019 3.288 -23.716 150 130 18.469 8.318
660 1366.199 22.058 3.288 -23.716 150 128 19.131 8.636
661 1368.2 21.969 3.288 -23.714 150 126 18.836 8.346
662 1370.203 22.031 3.289 -23.718 150 124 19.227 8.978
663 1372.204 22.023 3.288 -23.711 150 122 19.592 8.658
664 1374.206 22.019 3.288 -23.719 150 120 19.752 8.608
665 1376.208 22.063 3.289 -23.719 150 118 19.587 8.292
666 1378.21 21.973 3.289 -23.71 150 116 19.265 8.606
667 1380.212 22.004 3.288 -23.721 150 114 19.761 8.28
668 1382.216 21.969 3.289 -23.719 150 112 19.454 7.985
669 1384.216 22.038 3.288 -23.712 150 110 19.767 8.207
670 1386.218 21.999 3.289 -23.721 150 108 19.631 8.136
671 1388.219 21.987 3.288 -23.721 150 106 19.46 7.775
672 1390.221 21.953 3.289 -23.717 150 104 18.96 8.04
673 1392.223 21.952 3.289 -23.716 150 102 20.072 8.387
674 1394.225 22.019 3.288 -23.719 150 100 20.048 8.157
675 1396.226 22.05 3.288 -23.714 150 98 19.787 7.735
676 1398.228 22.031 3.288 -23.717 150 96 19.382 7.243
677 1400.23 22.04 3.288 -23.717 150 94 19.457 8.043
678 1402.231 21.977 3.289 -23.719 150 92 20.728 8.717
679 1404.232 22.04 3.288 -23.72 150 90 20.238 8.163
680 1406.235 22.012 3.288 -23.716 150 88 19.739 7.759
681 1408.235 21.969 3.289 -23.717 150 86 19.911 7.589
682 1410.24 21.987 3.288 -23.717 150 84 19.592 8.086
683 1412.24 22.025 3.288 -23.722 150 82 20.225 8.66
684 1414.24 21.968 3.289 -23.716 150 80 20.548 8.589
685 1416.242 22.089 3.288 -23.72 150 78 19.858 7.499
686 1418.243 21.956 3.288 -23.722 150 76 19.062 7.442
687 1420.244 21.905 3.288 -23.722 150 74 19.543 8.025
688 1422.246 21.988 3.288 -23.718 150 72 20.502 8.673
689 1424.247 22.047 3.288 -23.716 150 70 19.948 8.038
690 1426.249 21.976 3.289 -23.718 150 68 19.287 7.636
691 1428.25 22.006 3.288 -23.718 150 66 18.977 8.822
692 1430.25 21.941 3.289 -23.722 150 64 19.741 8.269
693 1432.252 22.087 3.289 -23.714 150 62 19.323 7.702
694 1434.253 22.048 3.289 -23.716 150 60 18.987 7.6
695 1436.254 22.035 3.288 -23.716 150 58 18.59 7.948
696 1438.255 21.96 3.289 -23.717 150 56 19.319 8.403
697 1440.256 21.989 3.288 -23.719 150 54 19.065 7.776
698 1442.257 22.122 3.289 -23.72 150 52 18.565 7.448
699 1444.258 21.933 3.288 -23.718 150 50 18.746 8.102
700 1446.259 21.99 3.288 -23.716 150 48 18.762 7.951
701 1448.26 21.944 3.288 -23.719 150 46 17.794 7.485
702 1450.261 22.04 3.289 -23.717 150 44 17.113 6.656
703 1452.262 21.991 3.288 -23.715 150 42 16.727 6.444
704 1454.263 21.953 3.288 -23.716 150 40 16.472 6.48
705 1456.263 21.97 3.289 -23.714 150 38 16.562 6.792
706 1458.266 21.982 3.288 -23.717 150 36 16.142 6.52
707 1460.266 22.069 3.289 -23.719 150 34 15.557 7.67
708 1462.267 22.015 3.288 -23.716 150 32 17.027 7.935
709 1464.267 22.039 3.288 -23.713 150 30 16.526 7.532
710 1466.267 22.004 3.288 -23.719 150 28 15.841 7.093
711 1468.268 22 3.288 -23.718 150 26 15.362 7.044
712 1470.269 22.025 3.288 -23.719 150 24 15.003 6.695
713 1472.269 21.974 3.289 -23.72 150 22 14.466 6.708
714 1474.27 22.041 3.289 -23.718 150 20 15.067 7.303
715 1476.271 21.938 3.288 -23.723 150 18 14.291 7.185
716 1478.271 21.986 3.289 -23.72 150 16 13.661 7.216
717 1480.272 22.038 3.289 -23.723 150 14 13.738 7.332
718 1482.272 21.99 3.288 -23.721 150 12 13.494 7.654
719 1484.272 21.989 3.289 -23.717 150 10 13.589 7.652
720 1486.273 21.981 3.288 -23.717 150 8 13.059 7.246
721 1488.273 22.069 3.288 -23.716 150 6 12.393 7.18
722 1490.274 22.051 3.289 -23.714 150 4 12.095 7.401
723 1492.274 21.957 3.289 -23.72 150 2 11.699 7.636
724 1494.274 22.108 3.288 -23.721 150 0 11.769 7.89
725 1506.069 22.048 3.288 -23.709 180 0 10.117 6.428
726 1508.076 22.139 3.289 -23.72 180 2 10.002 6.169
727 1510.081 22.015 3.289 -23.717 180 4 10.463 6.164
728 1512.084 21.994 3.289 -23.72 180 6 10.886 6.234
729 1514.09 21.893 3.288 -23.722 180 8 11.16 6.073
730 1516.094 21.919 3.288 -23.717 180 10 11.57 6.13
731 1518.101 22.044 3.288 -23.717 180 12 11.821 6.099
732 1520.106 21.819 3.289 -23.718 180 14 12.213 6.019
733 1522.115 22.064 3.288 -23.716 180 16 12.502 6.13
734 1524.115 21.981 3.289 -23.716 180 18 12.855 5.955
735 1526.122 22.047 3.288 -23.723 180 20 12.959 5.943
736 1528.127 21.966 3.288 -23.719 180 22 13.555 5.827
737 1530.129 21.973 3.289 -23.718 180 24 13.734 5.806
738 1532.137 21.992 3.289 -23.718 180 26 15.955 10.443
739 1534.138 21.96 3.289 -23.718 180 28 18.799 10.598
740 1536.146 22.01 3.289 -23.718 180 30 19.435 10.617
741 1538.151 22.044 3.288 -23.719 180 32 19.431 10.358
742 1540.158 21.956 3.288 -23.718 180 34 19.486 10.518
743 1542.161 21.999 3.288 -23.717 180 36 19.56 10.355
744 1544.166 21.973 3.289 -23.717 180 38 19.758 10.31
745 1546.172 22.011 3.288 -23.721 180 40 20.015 10.43
746 1548.175 21.997 3.288 -23.716 180 42 20.191 10.329
747 1550.179 22.045 3.289 -23.724 180 44 20.274 10.261
748 1552.184 22.14 3.288 -23.713 180 46 20.387 10.139
749 1554.19 22.062 3.288 -23.715 180 48 20.349 10.067
750 1556.192 22.132 3.288 -23.718 180 50 20.452 9.992
751 1558.195 21.988 3.288 -23.714 180 52 20.568 9.941
752 1560.204 21.937 3.288 -23.725 180 54 20.749 9.874
753 1562.208 21.997 3.288 -23.716 180 56 20.944 10.028
754 1564.212 21.911 3.289 -23.716 180 58 21.036 10.046
755 1566.217 22.029 3.288 -23.714 180 60 21.574 10.574
756 1568.218 21.998 3.288 -23.715 180 62 21.824 10.654
757 1570.223 22.019 3.288 -23.72 180 64 22.212 10.97
758 1572.228 22.032 3.289 -23.714 180 66 22.468 11.161
759 1574.233 21.984 3.288 -23.722 180 68 22.417 10.894
760 1576.238 22.025 3.288 -23.716 180 70 22.153 10.988
761 1578.243 22.009 3.288 -23.717 180 72 22.345 10.64
762 1580.247 22.043 3.288 -23.716 180 74 22.024 9.868
763 1582.25 22.032 3.288 -23.72 180 76 21.474 9.658
764 1584.256 22.008 3.288 -23.714 180 78 21.816 9.893
765 1586.257 22.011 3.288 -23.716 180 80 21.903 9.689
766 1588.264 22.084 3.288 -23.719 180 82 21.818 10.066
767 1590.268 22.029 3.288 -23.715 180 84 21.643 9.532
768 1592.27 22.027 3.288 -23.715 180 86 21.221 8.971
769 1594.275 22.067 3.289 -23.717 180 88 20.479 8.547
770 1596.278 22.019 3.288 -23.717 180 90 20.603 8.767
771 1598.286 22.08 3.288 -23.713 180 92 21.065 9.307
772 1600.286 21.996 3.289 -23.718 180 94 21.227 9.5
773 1602.292 22.053 3.288 -23.714 180 96 21.561 10.471
774 1604.295 22.069 3.288 -23.716 180 98 22.487 10.922
775 1606.301 22.006 3.288 -23.714 180 100 22.583 10.555
776 1608.304 22.027 3.288 -23.722 180 102 22.039 10.349
777 1610.309 21.985 3.288 -23.72 180 104 22.261 10.493
778 1612.311 22.034 3.288 -23.716 180 106 22.127 10.488
779 1614.314 22.098 3.289 -23.715 180 108 22.283 10.984
780 1616.318 22.044 3.288 -23.72 180 110 22.024 10.32
781 1618.322 22.106 3.288 -23.719 180 112 21.557 9.921
782 1620.329 22.076 3.289 -23.715 180 114 21.167 10.03
783 1622.331 22.035 3.288 -23.716 180 116 21.502 10.331
784 1624.333 22.006 3.288 -23.715 180 118 21.291 10.043
785 1626.338 21.957 3.288 -23.718 180 120 21.125 9.77
786 1628.34 22.039 3.288 -23.721 180 122 20.28 9.422
787 1630.345 21.998 3.288 -23.715 180 124 20.337 9.572
788 1632.347 22.04 3.288 -23.719 180 126 20.817 10.836
789 1634.351 22.045 3.288 -23.718 180 128 21.543 11.056
790 1636.354 22.065 3.288 -23.717 180 130 20.982 10.332
791 1638.359 22.006 3.288 -23.721 180 132 20.358 10.261
792 1640.363 22.092 3.288 -23.722 180 134 19.78 9.692
793 1642.366 22.069 3.288 -23.716 180 136 19.082 9.227
794 1644.372 21.988 3.288 -23.716 180 138 18.767 8.894
795 1646.372 21.979 3.288 -23.718 180 140 18.411 8.8
796 1648.376 22.098 3.289 -23.72 180 142 17.858 8.395
797 1650.378 22.035 3.288 -23.717 180 144 17.47 8.404
798 1652.383 22.089 3.289 -23.716 180 146 17.489 8.452
799 1654.386 21.971 3.288 -23.716 180 148 17.07 8.149
800 1656.389 22.022 3.289 -23.713 180 150 16.699 8.114
801 1658.39 21.889 3.288 -23.716 180 152 16.459 7.945
802 1660.394 22.088 3.289 -23.72 180 154 15.918 7.672
803 1662.397 22.073 3.288 -23.717 180 156 15.658 7.576
804 1664.4 21.952 3.288 -23.72 180 158 16.753 9.272
805 1666.404 22.054 3.288 -23.719 180 160 15.982 8.691
806 1668.408 22.023 3.288 -23.72 180 162 14.921 8.166
807 1670.41 22.025 3.289 -23.72 180 164 14.271 7.856
808 1672.416 22.035 3.289 -23.717 180 166 13.682 7.667
809 1674.416 22.052 3.289 -23.716 180 168 13.11 7.57
810 1676.418 22.013 3.289 -23.712 180 170 12.809 7.625
811 1678.422 22.029 3.289 -23.718 180 172 12.296 7.357
812 1680.425 22.094 3.289 -23.717 180 174 11.797 7.321
813 1682.428 22.004 3.288 -23.72 180 176 11.421 7.411
814 1684.431 21.964 3.289 -23.717 180 178 11.172 7.376
815 1686.433 22.066 3.288 -23.722 180 180 11.021 7.262
816 1688.438 22.078 3.289 -23.721 180 178 11.721 8.74
817 1690.438 21.99 3.289 -23.717 180 176 13.455 9.538
818 1692.442 22.02 3.288 -23.723 180 174 14.021 9.795
819 1694.443 22.073 3.289 -23.719 180 172 14.604 9.596
820 1696.448 21.998 3.288 -23.718 180 170 14.324 9.031
821 1698.45 22.016 3.289 -23.716 180 168 14.425 9.383
822 1700.451 22.019 3.288 -23.721 180 166 15.415 9.138
823 1702.455 22.017 3.288 -23.719 180 164 15.252 8.972
824 1704.457 22.086 3.289 -23.718 180 162 15.514 8.992
825 1706.46 21.994 3.288 -23.718 180 160 15.972 8.953
826 1708.462 21.998 3.288 -23.717 180 158 16.312 8.738
827 1710.463 22.078 3.289 -23.72 180 156 16.861 8.896
828 1712.467 22.039 3.288 -23.717 180 154 17.298 8.83
829 1714.47 22.087 3.288 -23.721 180 152 17.253 8.645
830 1716.472 22.046 3.289 -23.715 180 150 17.598 9.045
831 1718.474 22.115 3.289 -23.717 180 148 17.803 8.82
832 1720.477 22.107 3.288 -23.715 180 146 17.798 8.958
833 1722.478 21.952 3.288 -23.713 180 144 18.033 8.761
834 1724.483 22.042 3.288 -23.719 180 142 18.067 8.911
835 1726.484 22.047 3.289 -23.72 180 140 18.311 8.776
836 1728.485 22.032 3.289 -23.719 180 138 18.755 9.155
837 1730.488 22.028 3.288 -23.716 180 136 19.087 9.229
838 1732.489 21.977 3.288 -23.716 180 134 19.26 9.116
839 1734.492 22.043 3.288 -23.72 180 132 19.032 9.07
840 1736.494 22.037 3.288 -23.715 180 130 19.588 9.221
841 1738.496 21.98 3.289 -23.718 180 128 19.568 9.021
842 1740.498 21.969 3.288 -23.718 180 126 21.703 11.092
843 1742.499 22.105 3.288 -23.712 180 124 21.388 10.363
844 1744.502 22.073 3.288 -23.715 180 122 21.202 10.199
845 1746.506 22.031 3.288 -23.718 180 120 20.789 9.789
846 1748.506 21.94 3.289 -23.717 180 118 20.761 9.6
847 1750.507 22.08 3.289 -23.717 180 116 20.912 9.536
848 1752.509 22.019 3.288 -23.72 180 114 21.002 9.73
849 1754.511 22.061 3.288 -23.716 180 112 21.174 9.722
850 1756.514 22.039 3.288 -23.714 180 110 21.009 9.349
851 1758.514 22.066 3.289 -23.716 180 108 20.987 9.5
852 1760.517 22.046 3.288 -23.719 180 106 21.011 9.484
853 1762.518 22.016 3.289 -23.719 180 104 21.234 9.653
854 1764.52 22.066 3.288 -23.714 180 102 21.571 9.936
855 1766.521 22.056 3.289 -23.716 180 100 21.545 9.788
856 1768.524 22.094 3.288 -23.714 180 98 21.463 9.691
857 1770.525 22.002 3.289 -23.717 180 96 21.378 9.356
858 1772.529 22.1 3.289 -23.722 180 94 21.191 9.285
859 1774.53 22.031 3.288 -23.718 180 92 20.988 9.053
860 1776.53 22.007 3.288 -23.719 180 90 20.847 8.785
861 1778.531 22.082 3.288 -23.719 180 88 20.462 8.427
862 1780.532 22.018 3.289 -23.715 180 86 20.166 8.261
863 1782.535 22.032 3.289 -23.72 180 84 19.907 7.899
864 1784.536 22.012 3.288 -23.72 180 82 19.777 7.755
865 1786.537 21.977 3.288 -23.719 180 80 19.656 7.816
866 1788.538 22.074 3.288 -23.721 180 78 19.739 7.777
867 1790.54 21.939 3.288 -23.716 180 76 19.616 7.76
868 1792.541 22.002 3.288 -23.725 180 74 19.703 8.078
869 1794.542 22.065 3.288 -23.719 180 72 20.048 8.274
870 1796.543 22.02 3.288 -23.714 180 70 19.981 8.558
871 1798.545 22.014 3.289 -23.716 180 68 20.215 8.611
872 1800.546 21.948 3.288 -23.714 180 66 20.445 9.244
873 1802.547 21.961 3.288 -23.719 180 64 20.592 9.181
874 1804.549 22.045 3.289 -23.722 180 62 20.166 8.872
875 1806.55 21.954 3.288 -23.714 180 60 19.95 8.812
876 1808.551 22.062 3.288 -23.717 180 58 19.707 8.67
877 1810.554 21.925 3.288 -23.719 180 56 19.515 8.641
878 1812.555 21.957 3.288 -23.718 180 54 19.468 8.57
879 1814.555 22.016 3.289 -23.718 180 52 19.025 8.235
880 1816.555 22.061 3.289 -23.717 180 50 18.458 7.754
881 1818.556 22.111 3.288 -23.72 180 48 17.941 7.707
882 1820.556 22.126 3.288 -23.713 180 46 17.884 7.477
883 1822.557 22.04 3.288 -23.716 180 44 17.914 7.811
884 1824.559 22.023 3.288 -23.718 180 42 17.71 7.739
885 1826.559 22.086 3.288 -23.713 180 40 17.455 7.724
886 1828.56 22.108 3.288 -23.715 180 38 17.21 7.64
887 1830.561 22.061 3.288 -23.717 180 36 17.284 8.099
888 1832.562 21.982 3.288 -23.714 180 34 17.233 8.022
889 1834.562 22.018 3.289 -23.718 180 32 16.76 7.836
890 1836.563 22.082 3.289 -23.716 180 30 16.509 7.758
891 1838.563 22.065 3.288 -23.718 180 28 16.115 7.709
892 1840.564 22.011 3.288 -23.721 180 26 15.851 7.797
893 1842.565 22.038 3.289 -23.719 180 24 16.121 8.072
894 1844.565 21.95 3.288 -23.717 180 22 15.718 8.123
895 1846.566 21.956 3.288 -23.719 180 20 15.206 8.051
896 1848.566 22.049 3.288 -23.718 180 18 14.76 7.949
897 1850.567 22.031 3.288 -23.716 180 16 14.276 7.958
898 1852.567 22.144 3.289 -23.723 180 14 14.094 7.999
899 1854.568 22.094 3.288 -23.722 180 12 13.532 7.946
900 1856.568 22.057 3.288 -23.721 180 10 13.294 7.822
901 1858.569 22.16 3.289 -23.715 180 8 12.819 7.698
902 1860.569 21.978 3.289 -23.713 180 6 12.476 7.715
903 1862.569 21.921 3.289 -23.717 180 4 11.989 7.62
904 1864.57 22.071 3.288 -23.72 180 2 11.335 7.645
905 1866.57 22.04 3.289 -23.718 180 0 11.063 7.591
